e6123145-9665-43e0-8413-cd61b8aa9b13;2022-08-07T07:03:00Z;125.07;125.69;125.69;125.07;149;
e6123145-9665-43e0-8413-cd61b8aa9b13;2022-08-07T07:04:00Z;125.18;125.77;125.77;125.18;110;
e6123145-9665-43e0-8413-cd61b8aa9b13;2022-08-07T07:05:00Z;125.78;125.39;125.86;125.27;186;
e6123145-9665-43e0-8413-cd61b8aa9b13;2022-08-07T07:06:00Z;125.38;125.75;126.27;125.38;622;
e6123145-9665-43e0-8413-cd61b8aa9b13;2022-08-07T07:07:00Z;125.75;126.13;126.24;125.57;342;
e6123145-9665-43e0-8413-cd61b8aa9b13;2022-08-07T07:08:00Z;126.17;125.62;126.17;125.62;187;
e6123145-9665-43e0-8413-cd61b8aa9b13;2022-08-07T07:09:00Z;125.65;126.24;126.24;125.56;639;
e6123145-9665-43e0-8413-cd61b8aa9b13;2022-08-07T07:10:00Z;125.72;125.89;125.89;125.32;646;
e6123145-9665-43e0-8413-cd61b8aa9b13;2022-08-07T07:11:00Z;125.38;125.89;125.89;125.37;27;
e6123145-9665-43e0-8413-cd61b8aa9b13;2022-08-07T07:12:00Z;125.38;125.23;125.93;125.23;555;
e6123145-9665-43e0-8413-cd61b8aa9b13;2022-08-07T07:13:00Z;125.57;125.57;125.57;125.57;16;
e6123145-9665-43e0-8413-cd61b8aa9b13;2022-08-07T07:14:00Z;125.58;125.25;125.68;125.25;274;
e6123145-9665-43e0-8413-cd61b8aa9b13;2022-08-07T07:15:00Z;125.24;125.22;125.24;125.22;37;
e6123145-9665-43e0-8413-cd61b8aa9b13;2022-08-07T07:16:00Z;125.73;125.2;125.73;125.2;49;
e6123145-9665-43e0-8413-cd61b8aa9b13;2022-08-07T07:17:00Z;125.71;125.71;125.71;125.71;1;
e6123145-9665-43e0-8413-cd61b8aa9b13;2022-08-07T07:18:00Z;125.71;125.73;125.73;125.2;44;
e6123145-9665-43e0-8413-cd61b8aa9b13;2022-08-07T07:19:00Z;125.22;125.18;125.73;125.18;43;
e6123145-9665-43e0-8413-cd61b8aa9b13;2022-08-07T07:20:00Z;124.99;124.87;125.38;124.87;604;
e6123145-9665-43e0-8413-cd61b8aa9b13;2022-08-07T07:21:00Z;124.87;124.86;124.87;124.86;14;
e6123145-9665-43e0-8413-cd61b8aa9b13;2022-08-07T07:22:00Z;125.37;124.86;125.37;124.86;7;
e6123145-9665-43e0-8413-cd61b8aa9b13;2022-08-07T07:23:00Z;124.86;125.37;125.37;124.85;45;
e6123145-9665-43e0-8413-cd61b8aa9b13;2022-08-07T07:24:00Z;125.37;125.53;125.53;125.02;207;
e6123145-9665-43e0-8413-cd61b8aa9b13;2022-08-07T07:25:00Z;125.53;125;125.53;125;66;
e6123145-9665-43e0-8413-cd61b8aa9b13;2022-08-07T07:26:00Z;125.49;124.98;125.49;124.98;18;
e6123145-9665-43e0-8413-cd61b8aa9b13;2022-08-07T07:27:00Z;124.97;124.95;125.48;124.95;50;
e6123145-9665-43e0-8413-cd61b8aa9b13;2022-08-07T07:28:00Z;125.46;125.44;125.49;124.94;197;
e6123145-9665-43e0-8413-cd61b8aa9b13;2022-08-07T07:29:00Z;125.44;125.31;125.83;125.31;491;
e6123145-9665-43e0-8413-cd61b8aa9b13;2022-08-07T07:30:00Z;125.98;125.55;126.11;125.55;558;
e6123145-9665-43e0-8413-cd61b8aa9b13;2022-08-07T07:31:00Z;125.54;126.08;126.08;125.53;103;
e6123145-9665-43e0-8413-cd61b8aa9b13;2022-08-07T07:32:00Z;125.57;125.13;125.57;125.13;565;
e6123145-9665-43e0-8413-cd61b8aa9b13;2022-08-07T07:33:00Z;125.12;125.65;125.65;125.12;25;
e6123145-9665-43e0-8413-cd61b8aa9b13;2022-08-07T07:34:00Z;125.14;125.61;125.61;125.1;62;
e6123145-9665-43e0-8413-cd61b8aa9b13;2022-08-07T07:35:00Z;125.07;125.56;125.56;125.07;79;
e6123145-9665-43e0-8413-cd61b8aa9b13;2022-08-07T07:36:00Z;125.05;125.05;125.56;125.05;11;
e6123145-9665-43e0-8413-cd61b8aa9b13;2022-08-07T07:37:00Z;125.05;125.04;125.56;125.04;4;
e6123145-9665-43e0-8413-cd61b8aa9b13;2022-08-07T07:38:00Z;125.56;125.56;125.56;125.56;6;
e6123145-9665-43e0-8413-cd61b8aa9b13;2022-08-07T07:39:00Z;125.58;125.09;125.6;125.09;64;
e6123145-9665-43e0-8413-cd61b8aa9b13;2022-08-07T07:40:00Z;125.6;125.08;125.62;125.08;76;
e6123145-9665-43e0-8413-cd61b8aa9b13;2022-08-07T07:41:00Z;125.57;125.04;125.57;125.04;55;
e6123145-9665-43e0-8413-cd61b8aa9b13;2022-08-07T07:42:00Z;125.53;125.48;125.53;124.97;72;
e6123145-9665-43e0-8413-cd61b8aa9b13;2022-08-07T07:43:00Z;125.5;125.01;125.52;124.99;76;
e6123145-9665-43e0-8413-cd61b8aa9b13;2022-08-07T07:44:00Z;125;125.01;125.52;125;16;
e6123145-9665-43e0-8413-cd61b8aa9b13;2022-08-07T07:45:00Z;125.52;125.09;125.56;125.09;107;
e6123145-9665-43e0-8413-cd61b8aa9b13;2022-08-07T07:46:00Z;125.08;125.08;125.6;125.08;3;
e6123145-9665-43e0-8413-cd61b8aa9b13;2022-08-07T07:47:00Z;125.6;125.61;125.61;125.08;43;
e6123145-9665-43e0-8413-cd61b8aa9b13;2022-08-07T07:48:00Z;125.12;125.64;125.64;125.12;21;
e6123145-9665-43e0-8413-cd61b8aa9b13;2022-08-07T07:49:00Z;125.13;125.15;125.67;125.13;57;
e6123145-9665-43e0-8413-cd61b8aa9b13;2022-08-07T07:50:00Z;125.15;125.15;125.66;125.15;11;
e6123145-9665-43e0-8413-cd61b8aa9b13;2022-08-07T07:51:00Z;125.66;125.66;125.66;125.66;1;
e6123145-9665-43e0-8413-cd61b8aa9b13;2022-08-07T07:52:00Z;125.66;125.66;125.66;125.15;3;
e6123145-9665-43e0-8413-cd61b8aa9b13;2022-08-07T07:53:00Z;125.15;125.79;125.79;125.15;344;
e6123145-9665-43e0-8413-cd61b8aa9b13;2022-08-07T07:54:00Z;125.27;125.78;125.78;125.27;11;
e6123145-9665-43e0-8413-cd61b8aa9b13;2022-08-07T07:55:00Z;125.27;125.14;125.69;125.14;222;
e6123145-9665-43e0-8413-cd61b8aa9b13;2022-08-07T07:56:00Z;125.11;125.57;125.57;125.05;105;
e6123145-9665-43e0-8413-cd61b8aa9b13;2022-08-07T07:57:00Z;125.57;125.57;125.57;125.57;2;
e6123145-9665-43e0-8413-cd61b8aa9b13;2022-08-07T07:58:00Z;125.57;125.59;125.59;125.57;31;
e6123145-9665-43e0-8413-cd61b8aa9b13;2022-08-07T07:59:00Z;125.63;125.15;125.66;125.15;112;
e6123145-9665-43e0-8413-cd61b8aa9b13;2022-08-07T08:00:00Z;125.66;125.44;125.83;125.44;502;
e6123145-9665-43e0-8413-cd61b8aa9b13;2022-08-07T08:01:00Z;125.4;125.33;125.92;125.33;250;
e6123145-9665-43e0-8413-cd61b8aa9b13;2022-08-07T08:02:00Z;125.25;125.8;125.8;125.25;47;
e6123145-9665-43e0-8413-cd61b8aa9b13;2022-08-07T08:03:00Z;125.24;125.74;125.74;125.18;265;
e6123145-9665-43e0-8413-cd61b8aa9b13;2022-08-07T08:04:00Z;125.28;125.79;125.79;125.28;14;
e6123145-9665-43e0-8413-cd61b8aa9b13;2022-08-07T08:05:00Z;125.27;125.11;125.63;125.11;207;
e6123145-9665-43e0-8413-cd61b8aa9b13;2022-08-07T08:06:00Z;125.63;125.63;125.63;125.63;5;
e6123145-9665-43e0-8413-cd61b8aa9b13;2022-08-07T08:07:00Z;125.12;125.63;125.63;125.12;2;
e6123145-9665-43e0-8413-cd61b8aa9b13;2022-08-07T08:08:00Z;125.12;125.6;125.64;125.1;168;
e6123145-9665-43e0-8413-cd61b8aa9b13;2022-08-07T08:09:00Z;125.6;125.6;125.6;125.6;3;
e6123145-9665-43e0-8413-cd61b8aa9b13;2022-08-07T08:10:00Z;125.6;125.05;125.6;125.05;52;
e6123145-9665-43e0-8413-cd61b8aa9b13;2022-08-07T08:11:00Z;125.02;125;125.51;125;77;
e6123145-9665-43e0-8413-cd61b8aa9b13;2022-08-07T08:12:00Z;125.52;125.54;125.54;125.02;38;
e6123145-9665-43e0-8413-cd61b8aa9b13;2022-08-07T08:13:00Z;125.02;125.47;125.79;125.02;580;
e6123145-9665-43e0-8413-cd61b8aa9b13;2022-08-07T08:14:00Z;125.99;125.48;125.99;125.48;18;
e6123145-9665-43e0-8413-cd61b8aa9b13;2022-08-07T08:15:00Z;125.47;125.94;126;125.47;178;
e6123145-9665-43e0-8413-cd61b8aa9b13;2022-08-07T08:16:00Z;125.43;125.94;125.94;125.43;19;
e6123145-9665-43e0-8413-cd61b8aa9b13;2022-08-07T08:17:00Z;125.43;125.39;125.43;125.39;101;
e6123145-9665-43e0-8413-cd61b8aa9b13;2022-08-07T08:18:00Z;125.87;125.36;125.87;125.36;23;
e6123145-9665-43e0-8413-cd61b8aa9b13;2022-08-07T08:19:00Z;125.35;125.35;125.86;125.35;14;
e6123145-9665-43e0-8413-cd61b8aa9b13;2022-08-07T08:20:00Z;125.87;125.36;125.87;125.36;26;
e6123145-9665-43e0-8413-cd61b8aa9b13;2022-08-07T08:21:00Z;125.35;125.71;125.71;125.27;216;
e6123145-9665-43e0-8413-cd61b8aa9b13;2022-08-07T08:22:00Z;125.71;125.72;125.72;125.71;25;
e6123145-9665-43e0-8413-cd61b8aa9b13;2022-08-07T08:23:00Z;125.21;125.2;125.71;125.2;31;
e6123145-9665-43e0-8413-cd61b8aa9b13;2022-08-07T08:24:00Z;125.18;125.68;125.68;125.18;27;
e6123145-9665-43e0-8413-cd61b8aa9b13;2022-08-07T08:25:00Z;125.17;125.26;125.78;125.17;144;
e6123145-9665-43e0-8413-cd61b8aa9b13;2022-08-07T08:26:00Z;125.26;125.77;125.77;125.26;11;
e6123145-9665-43e0-8413-cd61b8aa9b13;2022-08-07T08:27:00Z;125.26;125.28;125.78;125.26;37;
e6123145-9665-43e0-8413-cd61b8aa9b13;2022-08-07T08:28:00Z;125.77;125.77;125.77;125.26;6;
e6123145-9665-43e0-8413-cd61b8aa9b13;2022-08-07T08:29:00Z;125.26;125.77;125.77;125.26;5;
e6123145-9665-43e0-8413-cd61b8aa9b13;2022-08-07T08:30:00Z;125.77;125.78;125.78;125.77;7;
e6123145-9665-43e0-8413-cd61b8aa9b13;2022-08-07T08:31:00Z;125.26;125.25;125.77;125.25;30;
e6123145-9665-43e0-8413-cd61b8aa9b13;2022-08-07T08:32:00Z;125.76;125.2;125.76;125.2;106;
e6123145-9665-43e0-8413-cd61b8aa9b13;2022-08-07T08:33:00Z;125.68;125.68;125.68;125.68;11;
e6123145-9665-43e0-8413-cd61b8aa9b13;2022-08-07T08:34:00Z;125.69;125.17;125.69;125.17;2;
e6123145-9665-43e0-8413-cd61b8aa9b13;2022-08-07T08:35:00Z;125.13;125.09;125.62;125.09;169;
e6123145-9665-43e0-8413-cd61b8aa9b13;2022-08-07T08:36:00Z;125.58;125.59;125.59;125.07;20;
e6123145-9665-43e0-8413-cd61b8aa9b13;2022-08-07T08:39:00Z;125.59;125.59;125.59;125.59;2;
e6123145-9665-43e0-8413-cd61b8aa9b13;2022-08-07T08:40:00Z;125.06;124.95;125.48;124.95;201;
e6123145-9665-43e0-8413-cd61b8aa9b13;2022-08-07T08:41:00Z;125.44;124.93;125.44;124.93;6;
e6123145-9665-43e0-8413-cd61b8aa9b13;2022-08-07T08:42:00Z;125.44;125.21;125.44;124.75;311;
e6123145-9665-43e0-8413-cd61b8aa9b13;2022-08-07T08:43:00Z;125.23;125.13;125.23;124.67;187;
e6123145-9665-43e0-8413-cd61b8aa9b13;2022-08-07T08:44:00Z;125.2;125.29;125.29;125.2;206;
e6123145-9665-43e0-8413-cd61b8aa9b13;2022-08-07T08:45:00Z;124.78;125.17;125.17;124.72;154;
e6123145-9665-43e0-8413-cd61b8aa9b13;2022-08-07T08:46:00Z;124.66;124.66;125.17;124.66;31;
e6123145-9665-43e0-8413-cd61b8aa9b13;2022-08-07T08:47:00Z;125.17;125.17;125.17;124.66;6;
e6123145-9665-43e0-8413-cd61b8aa9b13;2022-08-07T08:49:00Z;125.18;124.68;125.18;124.68;26;
e6123145-9665-43e0-8413-cd61b8aa9b13;2022-08-07T08:50:00Z;125.23;125.28;125.28;124.77;125;
e6123145-9665-43e0-8413-cd61b8aa9b13;2022-08-07T08:51:00Z;125.29;125.29;125.29;125.29;10;
e6123145-9665-43e0-8413-cd61b8aa9b13;2022-08-07T08:52:00Z;125.29;124.77;125.29;124.77;23;
e6123145-9665-43e0-8413-cd61b8aa9b13;2022-08-07T08:53:00Z;125.27;125.27;125.27;124.76;8;
e6123145-9665-43e0-8413-cd61b8aa9b13;2022-08-07T08:54:00Z;124.76;124.77;125.28;124.76;16;
e6123145-9665-43e0-8413-cd61b8aa9b13;2022-08-07T08:55:00Z;125.28;125.14;125.28;124.64;202;
e6123145-9665-43e0-8413-cd61b8aa9b13;2022-08-07T08:56:00Z;124.63;125.15;125.15;124.63;9;
e6123145-9665-43e0-8413-cd61b8aa9b13;2022-08-07T08:57:00Z;125.15;125.15;125.15;125.15;1;
e6123145-9665-43e0-8413-cd61b8aa9b13;2022-08-07T08:58:00Z;125.15;125.33;125.33;124.63;516;
e6123145-9665-43e0-8413-cd61b8aa9b13;2022-08-07T09:00:00Z;125.01;125.52;125.52;125.01;4;
e6123145-9665-43e0-8413-cd61b8aa9b13;2022-08-07T09:01:00Z;125.52;125.53;125.53;125.52;12;
e6123145-9665-43e0-8413-cd61b8aa9b13;2022-08-07T09:02:00Z;125.53;125.51;125.53;125;89;
e6123145-9665-43e0-8413-cd61b8aa9b13;2022-08-07T09:03:00Z;125.53;125.54;125.54;125.53;13;
e6123145-9665-43e0-8413-cd61b8aa9b13;2022-08-07T09:05:00Z;125.54;125.54;125.57;125.05;124;
e6123145-9665-43e0-8413-cd61b8aa9b13;2022-08-07T09:06:00Z;125.03;125.54;125.54;125.03;11;
e6123145-9665-43e0-8413-cd61b8aa9b13;2022-08-07T09:07:00Z;125.02;125.02;125.02;125.02;3;
e6123145-9665-43e0-8413-cd61b8aa9b13;2022-08-07T09:08:00Z;125.02;125.02;125.02;125.02;2;
e6123145-9665-43e0-8413-cd61b8aa9b13;2022-08-07T09:09:00Z;125.53;125.1;125.57;125.1;111;
e6123145-9665-43e0-8413-cd61b8aa9b13;2022-08-07T09:10:00Z;125.08;125.08;125.08;125.08;26;
e6123145-9665-43e0-8413-cd61b8aa9b13;2022-08-07T09:11:00Z;125.58;125.59;125.59;125.58;11;
e6123145-9665-43e0-8413-cd61b8aa9b13;2022-08-07T09:12:00Z;125.08;125.59;125.59;125.08;3;
e6123145-9665-43e0-8413-cd61b8aa9b13;2022-08-07T09:13:00Z;125.6;125.08;125.6;125.08;40;
e6123145-9665-43e0-8413-cd61b8aa9b13;2022-08-07T09:14:00Z;125.6;125.6;125.6;125.6;10;
e6123145-9665-43e0-8413-cd61b8aa9b13;2022-08-07T09:15:00Z;125.6;125.14;125.66;125.14;94;
e6123145-9665-43e0-8413-cd61b8aa9b13;2022-08-07T09:16:00Z;125.14;125.14;125.14;125.14;3;
e6123145-9665-43e0-8413-cd61b8aa9b13;2022-08-07T09:17:00Z;125.13;125.13;125.13;125.13;10;
e6123145-9665-43e0-8413-cd61b8aa9b13;2022-08-07T09:18:00Z;125.64;125.72;125.72;125.64;203;
e6123145-9665-43e0-8413-cd61b8aa9b13;2022-08-07T09:19:00Z;125.88;125.96;125.96;125.44;203;
e6123145-9665-43e0-8413-cd61b8aa9b13;2022-08-07T09:20:00Z;125.44;125.18;125.96;125.18;369;
e6123145-9665-43e0-8413-cd61b8aa9b13;2022-08-07T09:21:00Z;125.68;125.18;125.7;125.18;49;
e6123145-9665-43e0-8413-cd61b8aa9b13;2022-08-07T09:22:00Z;125.75;125.29;125.75;125.29;165;
e6123145-9665-43e0-8413-cd61b8aa9b13;2022-08-07T09:23:00Z;125.25;125.03;125.72;125.03;329;
e6123145-9665-43e0-8413-cd61b8aa9b13;2022-08-07T09:24:00Z;125.73;125.61;125.92;125.23;1493;
e6123145-9665-43e0-8413-cd61b8aa9b13;2022-08-07T09:25:00Z;125.59;125.25;125.59;125.25;432;
e6123145-9665-43e0-8413-cd61b8aa9b13;2022-08-07T09:26:00Z;125.76;125.76;125.76;125.76;1;
e6123145-9665-43e0-8413-cd61b8aa9b13;2022-08-07T09:27:00Z;125.17;125.09;125.17;125.09;201;
e6123145-9665-43e0-8413-cd61b8aa9b13;2022-08-07T09:28:00Z;125.6;125.61;125.61;125.6;3;
e6123145-9665-43e0-8413-cd61b8aa9b13;2022-08-07T09:29:00Z;125.61;125.65;125.65;125.1;102;
e6123145-9665-43e0-8413-cd61b8aa9b13;2022-08-07T09:30:00Z;125.17;125.16;125.17;125.16;15;
e6123145-9665-43e0-8413-cd61b8aa9b13;2022-08-07T09:31:00Z;125.67;125.16;125.67;125.16;11;
e6123145-9665-43e0-8413-cd61b8aa9b13;2022-08-07T09:32:00Z;125.08;125;125.08;125;201;
e6123145-9665-43e0-8413-cd61b8aa9b13;2022-08-07T09:33:00Z;124.99;124.99;125.51;124.99;151;
e6123145-9665-43e0-8413-cd61b8aa9b13;2022-08-07T09:34:00Z;125.47;125.47;125.47;124.96;6;
e6123145-9665-43e0-8413-cd61b8aa9b13;2022-08-07T09:35:00Z;125.47;125.47;125.47;125.47;2;
e6123145-9665-43e0-8413-cd61b8aa9b13;2022-08-07T09:36:00Z;124.96;125.47;125.47;124.96;5;
e6123145-9665-43e0-8413-cd61b8aa9b13;2022-08-07T09:37:00Z;124.96;124.96;125.47;124.96;9;
e6123145-9665-43e0-8413-cd61b8aa9b13;2022-08-07T09:38:00Z;125.48;125.57;125.57;124.97;136;
e6123145-9665-43e0-8413-cd61b8aa9b13;2022-08-07T09:39:00Z;125.06;125.06;125.06;125.06;3;
e6123145-9665-43e0-8413-cd61b8aa9b13;2022-08-07T09:40:00Z;124.98;125.41;125.41;124.98;202;
e6123145-9665-43e0-8413-cd61b8aa9b13;2022-08-07T09:41:00Z;124.9;124.9;125.41;124.9;8;
e6123145-9665-43e0-8413-cd61b8aa9b13;2022-08-07T09:42:00Z;125.41;125.42;125.42;125.41;11;
e6123145-9665-43e0-8413-cd61b8aa9b13;2022-08-07T09:43:00Z;125.5;125.58;125.58;125.5;207;
e6123145-9665-43e0-8413-cd61b8aa9b13;2022-08-07T09:45:00Z;125.06;125.04;125.55;125.04;41;
e6123145-9665-43e0-8413-cd61b8aa9b13;2022-08-07T09:46:00Z;125.56;125.02;125.56;125.02;70;
e6123145-9665-43e0-8413-cd61b8aa9b13;2022-08-07T09:47:00Z;125.51;124.96;125.51;124.96;59;
e6123145-9665-43e0-8413-cd61b8aa9b13;2022-08-07T09:48:00Z;125.47;125.01;125.5;125.01;65;
e6123145-9665-43e0-8413-cd61b8aa9b13;2022-08-07T09:49:00Z;125.01;125.01;125.01;125.01;1;
e6123145-9665-43e0-8413-cd61b8aa9b13;2022-08-07T09:50:00Z;125.01;125.52;125.52;125.01;10;
e6123145-9665-43e0-8413-cd61b8aa9b13;2022-08-07T09:51:00Z;125.53;125.53;125.53;125.53;1;
e6123145-9665-43e0-8413-cd61b8aa9b13;2022-08-07T09:52:00Z;125.57;125.61;125.61;125.09;105;
e6123145-9665-43e0-8413-cd61b8aa9b13;2022-08-07T09:53:00Z;125.61;125.1;125.61;125.1;10;
e6123145-9665-43e0-8413-cd61b8aa9b13;2022-08-07T09:54:00Z;125.61;125.1;125.61;125.1;6;
e6123145-9665-43e0-8413-cd61b8aa9b13;2022-08-07T09:55:00Z;125.1;125.61;125.61;125.1;6;
e6123145-9665-43e0-8413-cd61b8aa9b13;2022-08-07T09:56:00Z;125.1;125.1;125.61;125.1;9;
e6123145-9665-43e0-8413-cd61b8aa9b13;2022-08-07T09:57:00Z;125.61;125.62;125.62;125.1;17;
e6123145-9665-43e0-8413-cd61b8aa9b13;2022-08-07T09:58:00Z;125.1;125.1;125.61;125.1;13;
e6123145-9665-43e0-8413-cd61b8aa9b13;2022-08-07T09:59:00Z;125.61;125.63;125.63;125.1;54;
e6123145-9665-43e0-8413-cd61b8aa9b13;2022-08-07T10:00:00Z;125.13;125.13;125.13;125.13;1;
e6123145-9665-43e0-8413-cd61b8aa9b13;2022-08-07T10:01:00Z;125.13;125.64;125.64;125.13;16;
e6123145-9665-43e0-8413-cd61b8aa9b13;2022-08-07T10:03:00Z;125.12;125.63;125.63;125.12;5;
e6123145-9665-43e0-8413-cd61b8aa9b13;2022-08-07T10:04:00Z;125.12;125.64;125.64;125.12;9;
e6123145-9665-43e0-8413-cd61b8aa9b13;2022-08-07T10:05:00Z;125.13;125.13;125.13;125.13;2;
e6123145-9665-43e0-8413-cd61b8aa9b13;2022-08-07T10:06:00Z;125.64;125.63;125.64;125.13;31;
e6123145-9665-43e0-8413-cd61b8aa9b13;2022-08-07T10:07:00Z;125.11;125.1;125.62;125.1;31;
e6123145-9665-43e0-8413-cd61b8aa9b13;2022-08-07T10:08:00Z;125.61;125.05;125.61;125.05;76;
e6123145-9665-43e0-8413-cd61b8aa9b13;2022-08-07T10:09:00Z;125.04;125.04;125.04;125.04;1;
e6123145-9665-43e0-8413-cd61b8aa9b13;2022-08-07T10:10:00Z;125.55;125.55;125.55;125.55;1;
e6123145-9665-43e0-8413-cd61b8aa9b13;2022-08-07T10:11:00Z;125.03;125.03;125.03;125.03;20;
e6123145-9665-43e0-8413-cd61b8aa9b13;2022-08-07T10:12:00Z;125.02;125.02;125.53;125.01;30;
e6123145-9665-43e0-8413-cd61b8aa9b13;2022-08-07T10:13:00Z;125.02;125.02;125.53;125.02;12;
e6123145-9665-43e0-8413-cd61b8aa9b13;2022-08-07T10:14:00Z;125.01;125.53;125.53;125.01;11;
e6123145-9665-43e0-8413-cd61b8aa9b13;2022-08-07T10:15:00Z;125.02;125.52;125.53;125.01;17;
e6123145-9665-43e0-8413-cd61b8aa9b13;2022-08-07T10:16:00Z;124.94;124.91;125.39;124.86;293;
e6123145-9665-43e0-8413-cd61b8aa9b13;2022-08-07T10:17:00Z;125.42;124.94;125.44;124.94;69;
e6123145-9665-43e0-8413-cd61b8aa9b13;2022-08-07T10:18:00Z;125.44;125.38;125.44;124.9;83;
e6123145-9665-43e0-8413-cd61b8aa9b13;2022-08-07T10:19:00Z;125.38;125.41;125.41;124.87;57;
e6123145-9665-43e0-8413-cd61b8aa9b13;2022-08-07T10:20:00Z;125.41;125.42;125.42;125.41;20;
e6123145-9665-43e0-8413-cd61b8aa9b13;2022-08-07T10:21:00Z;125.42;125.42;125.42;124.9;38;
e6123145-9665-43e0-8413-cd61b8aa9b13;2022-08-07T10:22:00Z;124.91;125.57;125.57;124.9;276;
e6123145-9665-43e0-8413-cd61b8aa9b13;2022-08-07T10:24:00Z;125.09;125.74;125.74;125.09;174;
e6123145-9665-43e0-8413-cd61b8aa9b13;2022-08-07T10:25:00Z;125.11;125.5;125.5;125.11;315;
e6123145-9665-43e0-8413-cd61b8aa9b13;2022-08-07T10:26:00Z;125.51;125.51;125.51;125.51;3;
e6123145-9665-43e0-8413-cd61b8aa9b13;2022-08-07T10:27:00Z;124.99;125.49;125.49;124.99;37;
e6123145-9665-43e0-8413-cd61b8aa9b13;2022-08-07T10:28:00Z;125.49;125.49;125.49;125.49;5;
e6123145-9665-43e0-8413-cd61b8aa9b13;2022-08-07T10:32:00Z;125.53;125.44;125.56;124.91;320;
e6123145-9665-43e0-8413-cd61b8aa9b13;2022-08-07T10:33:00Z;125.44;125.5;125.5;124.93;165;
e6123145-9665-43e0-8413-cd61b8aa9b13;2022-08-07T10:34:00Z;125.62;125.15;125.62;125.15;167;
e6123145-9665-43e0-8413-cd61b8aa9b13;2022-08-07T10:35:00Z;125.14;124.93;125.52;124.93;373;
e6123145-9665-43e0-8413-cd61b8aa9b13;2022-08-07T10:36:00Z;124.81;124.78;125.29;124.78;116;
e6123145-9665-43e0-8413-cd61b8aa9b13;2022-08-07T10:37:00Z;125.29;124.79;125.3;124.79;9;
e6123145-9665-43e0-8413-cd61b8aa9b13;2022-08-07T10:38:00Z;124.78;124.79;125.3;124.78;41;
e6123145-9665-43e0-8413-cd61b8aa9b13;2022-08-07T10:39:00Z;125.36;125.44;125.44;124.89;296;
e6123145-9665-43e0-8413-cd61b8aa9b13;2022-08-07T10:40:00Z;124.96;124.95;125.46;124.95;24;
e6123145-9665-43e0-8413-cd61b8aa9b13;2022-08-07T10:41:00Z;124.95;124.95;125.46;124.95;3;
e6123145-9665-43e0-8413-cd61b8aa9b13;2022-08-07T10:42:00Z;124.95;125.46;125.46;124.94;37;
e6123145-9665-43e0-8413-cd61b8aa9b13;2022-08-07T10:43:00Z;124.96;124.96;124.96;124.96;3;
e6123145-9665-43e0-8413-cd61b8aa9b13;2022-08-07T10:44:00Z;124.95;124.96;125.47;124.95;21;
e6123145-9665-43e0-8413-cd61b8aa9b13;2022-08-07T10:45:00Z;124.96;124.96;124.96;124.96;8;
e6123145-9665-43e0-8413-cd61b8aa9b13;2022-08-07T10:46:00Z;125.47;124.95;125.47;124.95;3;
e6123145-9665-43e0-8413-cd61b8aa9b13;2022-08-07T10:47:00Z;124.95;124.94;124.95;124.94;14;
e6123145-9665-43e0-8413-cd61b8aa9b13;2022-08-07T10:48:00Z;125.46;124.95;125.46;124.95;8;
e6123145-9665-43e0-8413-cd61b8aa9b13;2022-08-07T10:49:00Z;125.46;125.46;125.46;124.95;21;
e6123145-9665-43e0-8413-cd61b8aa9b13;2022-08-07T10:50:00Z;125.46;125.46;125.46;124.95;9;
e6123145-9665-43e0-8413-cd61b8aa9b13;2022-08-07T10:51:00Z;125.46;124.94;125.47;124.94;31;
e6123145-9665-43e0-8413-cd61b8aa9b13;2022-08-07T10:52:00Z;124.93;125.48;125.48;124.93;65;
e6123145-9665-43e0-8413-cd61b8aa9b13;2022-08-07T10:53:00Z;124.98;124.98;124.98;124.98;4;
e6123145-9665-43e0-8413-cd61b8aa9b13;2022-08-07T10:54:00Z;124.98;125.51;125.51;124.98;30;
e6123145-9665-43e0-8413-cd61b8aa9b13;2022-08-07T10:55:00Z;125;125.51;125.51;125;7;
e6123145-9665-43e0-8413-cd61b8aa9b13;2022-08-07T10:56:00Z;125.51;124.99;125.51;124.99;3;
e6123145-9665-43e0-8413-cd61b8aa9b13;2022-08-07T10:57:00Z;125.51;125.51;125.51;124.99;79;
e6123145-9665-43e0-8413-cd61b8aa9b13;2022-08-07T10:58:00Z;125;125.58;125.58;125;122;
e6123145-9665-43e0-8413-cd61b8aa9b13;2022-08-07T10:59:00Z;125.06;125.07;125.58;125.06;23;
e6123145-9665-43e0-8413-cd61b8aa9b13;2022-08-07T11:00:00Z;125.58;125.52;125.58;125.03;77;
e6123145-9665-43e0-8413-cd61b8aa9b13;2022-08-07T11:01:00Z;124.99;125.45;125.49;124.96;89;
e6123145-9665-43e0-8413-cd61b8aa9b13;2022-08-07T11:02:00Z;124.94;125.46;125.46;124.94;48;
e6123145-9665-43e0-8413-cd61b8aa9b13;2022-08-07T11:03:00Z;124.93;124.83;124.93;124.83;251;
e6123145-9665-43e0-8413-cd61b8aa9b13;2022-08-07T11:04:00Z;124.75;125.26;125.26;124.75;12;
e6123145-9665-43e0-8413-cd61b8aa9b13;2022-08-07T11:05:00Z;124.75;124.75;125.26;124.75;4;
e6123145-9665-43e0-8413-cd61b8aa9b13;2022-08-07T11:07:00Z;125.26;125.26;125.26;125.26;3;
e6123145-9665-43e0-8413-cd61b8aa9b13;2022-08-07T11:08:00Z;124.75;124.75;125.26;124.75;10;
e6123145-9665-43e0-8413-cd61b8aa9b13;2022-08-07T11:09:00Z;124.75;124.75;124.75;124.75;1;
e6123145-9665-43e0-8413-cd61b8aa9b13;2022-08-07T11:10:00Z;125.26;124.75;125.26;124.75;2;
e6123145-9665-43e0-8413-cd61b8aa9b13;2022-08-07T11:11:00Z;125.26;125.27;125.27;125.26;14;
e6123145-9665-43e0-8413-cd61b8aa9b13;2022-08-07T11:12:00Z;125.31;125.35;125.35;124.83;102;
e6123145-9665-43e0-8413-cd61b8aa9b13;2022-08-07T11:13:00Z;125.35;125.35;125.35;125.35;1;
e6123145-9665-43e0-8413-cd61b8aa9b13;2022-08-07T11:14:00Z;125.35;125.35;125.35;125.35;2;
e6123145-9665-43e0-8413-cd61b8aa9b13;2022-08-07T11:15:00Z;125.36;125.38;125.38;124.86;38;
e6123145-9665-43e0-8413-cd61b8aa9b13;2022-08-07T11:16:00Z;125.38;124.87;125.38;124.87;2;
e6123145-9665-43e0-8413-cd61b8aa9b13;2022-08-07T11:17:00Z;125.38;124.88;125.38;124.88;11;
e6123145-9665-43e0-8413-cd61b8aa9b13;2022-08-07T11:18:00Z;125.39;125.4;125.4;125.39;19;
e6123145-9665-43e0-8413-cd61b8aa9b13;2022-08-07T11:19:00Z;124.89;125.4;125.4;124.89;13;
e6123145-9665-43e0-8413-cd61b8aa9b13;2022-08-07T11:21:00Z;125.4;124.89;125.4;124.89;2;
e6123145-9665-43e0-8413-cd61b8aa9b13;2022-08-07T11:23:00Z;125.42;125.39;125.42;124.9;121;
e6123145-9665-43e0-8413-cd61b8aa9b13;2022-08-07T11:24:00Z;124.88;124.88;125.39;124.88;4;
e6123145-9665-43e0-8413-cd61b8aa9b13;2022-08-07T11:25:00Z;124.88;125.4;125.4;124.88;12;
e6123145-9665-43e0-8413-cd61b8aa9b13;2022-08-07T11:26:00Z;124.89;124.89;124.89;124.89;1;
e6123145-9665-43e0-8413-cd61b8aa9b13;2022-08-07T11:27:00Z;125.4;125.41;125.41;124.89;34;
e6123145-9665-43e0-8413-cd61b8aa9b13;2022-08-07T11:28:00Z;125.42;124.91;125.42;124.91;8;
e6123145-9665-43e0-8413-cd61b8aa9b13;2022-08-07T11:29:00Z;125.42;125.43;125.43;124.91;44;
e6123145-9665-43e0-8413-cd61b8aa9b13;2022-08-07T11:30:00Z;124.94;124.92;124.94;124.92;26;
e6123145-9665-43e0-8413-cd61b8aa9b13;2022-08-07T11:31:00Z;125.43;124.91;125.43;124.91;16;
e6123145-9665-43e0-8413-cd61b8aa9b13;2022-08-07T11:32:00Z;125.42;124.91;125.42;124.91;8;
e6123145-9665-43e0-8413-cd61b8aa9b13;2022-08-07T11:33:00Z;124.91;124.91;125.43;124.91;38;
e6123145-9665-43e0-8413-cd61b8aa9b13;2022-08-07T11:34:00Z;125.42;125.42;125.42;124.91;27;
e6123145-9665-43e0-8413-cd61b8aa9b13;2022-08-07T11:35:00Z;125.43;125.42;125.43;124.9;57;
e6123145-9665-43e0-8413-cd61b8aa9b13;2022-08-07T11:36:00Z;124.91;124.91;124.91;124.91;10;
e6123145-9665-43e0-8413-cd61b8aa9b13;2022-08-07T11:37:00Z;124.9;124.87;124.9;124.87;101;
e6123145-9665-43e0-8413-cd61b8aa9b13;2022-08-07T11:38:00Z;125.34;124.83;125.34;124.83;15;
e6123145-9665-43e0-8413-cd61b8aa9b13;2022-08-07T11:39:00Z;125.33;125.33;125.33;124.82;28;
e6123145-9665-43e0-8413-cd61b8aa9b13;2022-08-07T11:40:00Z;125.33;125.33;125.33;125.33;3;
e6123145-9665-43e0-8413-cd61b8aa9b13;2022-08-07T11:41:00Z;124.78;124.74;125.25;124.74;135;
e6123145-9665-43e0-8413-cd61b8aa9b13;2022-08-07T11:42:00Z;125.25;125.33;125.34;124.74;179;
e6123145-9665-43e0-8413-cd61b8aa9b13;2022-08-07T11:43:00Z;124.82;124.81;125.32;124.81;32;
e6123145-9665-43e0-8413-cd61b8aa9b13;2022-08-07T11:44:00Z;125.33;124.82;125.34;124.82;81;
e6123145-9665-43e0-8413-cd61b8aa9b13;2022-08-07T11:45:00Z;125.33;124.82;125.33;124.82;5;
e6123145-9665-43e0-8413-cd61b8aa9b13;2022-08-07T11:46:00Z;125.34;124.75;125.34;124.75;203;
e6123145-9665-43e0-8413-cd61b8aa9b13;2022-08-07T11:47:00Z;125.22;124.83;125.34;124.75;216;
e6123145-9665-43e0-8413-cd61b8aa9b13;2022-08-07T11:48:00Z;124.83;125.37;125.37;124.83;43;
e6123145-9665-43e0-8413-cd61b8aa9b13;2022-08-07T11:49:00Z;124.86;125.4;125.4;124.86;82;
e6123145-9665-43e0-8413-cd61b8aa9b13;2022-08-07T11:52:00Z;124.92;125.43;125.43;124.92;13;
e6123145-9665-43e0-8413-cd61b8aa9b13;2022-08-07T11:53:00Z;125.44;125.44;125.44;125.44;6;
e6123145-9665-43e0-8413-cd61b8aa9b13;2022-08-07T11:54:00Z;125.44;125.45;125.45;125.44;2;
e6123145-9665-43e0-8413-cd61b8aa9b13;2022-08-07T11:55:00Z;125.45;125.45;125.45;125.45;15;
e6123145-9665-43e0-8413-cd61b8aa9b13;2022-08-07T11:57:00Z;124.94;124.94;124.94;124.94;4;
e6123145-9665-43e0-8413-cd61b8aa9b13;2022-08-07T11:58:00Z;125.46;125.46;125.46;125.46;10;
e6123145-9665-43e0-8413-cd61b8aa9b13;2022-08-07T11:59:00Z;125.47;125.48;125.48;124.97;41;
e6123145-9665-43e0-8413-cd61b8aa9b13;2022-08-07T12:00:00Z;124.97;125.88;125.88;124.97;944;
e6123145-9665-43e0-8413-cd61b8aa9b13;2022-08-07T12:01:00Z;125.29;125.6;125.76;125.08;536;
e6123145-9665-43e0-8413-cd61b8aa9b13;2022-08-07T12:02:00Z;125.05;125.5;125.5;125;135;
e6123145-9665-43e0-8413-cd61b8aa9b13;2022-08-07T12:03:00Z;125.51;124.99;125.51;124.99;7;
e6123145-9665-43e0-8413-cd61b8aa9b13;2022-08-07T12:04:00Z;125.5;125.5;125.5;125.5;1;
e6123145-9665-43e0-8413-cd61b8aa9b13;2022-08-07T12:05:00Z;125.51;125.51;125.51;125.51;10;
e6123145-9665-43e0-8413-cd61b8aa9b13;2022-08-07T12:06:00Z;125;125.01;125.52;125;33;
e6123145-9665-43e0-8413-cd61b8aa9b13;2022-08-07T12:07:00Z;125.52;125.01;125.52;125.01;6;
e6123145-9665-43e0-8413-cd61b8aa9b13;2022-08-07T12:08:00Z;125.52;125.51;125.52;125;26;
e6123145-9665-43e0-8413-cd61b8aa9b13;2022-08-07T12:09:00Z;125.52;125.01;125.53;125;20;
e6123145-9665-43e0-8413-cd61b8aa9b13;2022-08-07T12:10:00Z;125.53;125.54;125.54;125.02;21;
e6123145-9665-43e0-8413-cd61b8aa9b13;2022-08-07T12:11:00Z;125.55;125;125.55;125;53;
e6123145-9665-43e0-8413-cd61b8aa9b13;2022-08-07T12:12:00Z;125.52;125.52;125.52;125.52;7;
e6123145-9665-43e0-8413-cd61b8aa9b13;2022-08-07T12:13:00Z;125.01;125.01;125.01;125.01;1;
e6123145-9665-43e0-8413-cd61b8aa9b13;2022-08-07T12:14:00Z;125;125.58;125.58;125;198;
e6123145-9665-43e0-8413-cd61b8aa9b13;2022-08-07T12:15:00Z;125.15;125.15;125.15;125.15;3;
e6123145-9665-43e0-8413-cd61b8aa9b13;2022-08-07T12:17:00Z;125.14;125.14;125.14;125.14;2;
e6123145-9665-43e0-8413-cd61b8aa9b13;2022-08-07T12:18:00Z;125.66;125.15;125.66;125.15;6;
e6123145-9665-43e0-8413-cd61b8aa9b13;2022-08-07T12:19:00Z;125.15;125.11;125.66;125.11;103;
e6123145-9665-43e0-8413-cd61b8aa9b13;2022-08-07T12:20:00Z;125.03;125.51;125.51;125.03;111;
e6123145-9665-43e0-8413-cd61b8aa9b13;2022-08-07T12:21:00Z;125.51;125.51;125.51;125.51;8;
e6123145-9665-43e0-8413-cd61b8aa9b13;2022-08-07T12:22:00Z;125.52;125.54;125.54;125.02;31;
e6123145-9665-43e0-8413-cd61b8aa9b13;2022-08-07T12:23:00Z;125.56;125.21;125.65;125.21;251;
e6123145-9665-43e0-8413-cd61b8aa9b13;2022-08-07T12:24:00Z;125.2;125.55;125.63;125.08;212;
e6123145-9665-43e0-8413-cd61b8aa9b13;2022-08-07T12:25:00Z;125.55;125.55;125.55;125.55;1;
e6123145-9665-43e0-8413-cd61b8aa9b13;2022-08-07T12:27:00Z;125.56;125.02;125.56;125.02;54;
e6123145-9665-43e0-8413-cd61b8aa9b13;2022-08-07T12:28:00Z;125.51;125;125.51;125;6;
e6123145-9665-43e0-8413-cd61b8aa9b13;2022-08-07T12:29:00Z;125;125;125;125;1;
e6123145-9665-43e0-8413-cd61b8aa9b13;2022-08-07T12:30:00Z;125;125.66;125.66;125;388;
e6123145-9665-43e0-8413-cd61b8aa9b13;2022-08-07T12:31:00Z;125.3;125.29;125.3;125.29;2;
e6123145-9665-43e0-8413-cd61b8aa9b13;2022-08-07T12:32:00Z;125.29;125.8;125.8;125.28;20;
e6123145-9665-43e0-8413-cd61b8aa9b13;2022-08-07T12:33:00Z;125.28;125.15;125.28;125.15;172;
e6123145-9665-43e0-8413-cd61b8aa9b13;2022-08-07T12:35:00Z;125.15;125.15;125.66;125.14;22;
e6123145-9665-43e0-8413-cd61b8aa9b13;2022-08-07T12:36:00Z;125.67;125.16;125.67;125.16;15;
e6123145-9665-43e0-8413-cd61b8aa9b13;2022-08-07T12:37:00Z;125.14;125.64;125.64;125.13;34;
e6123145-9665-43e0-8413-cd61b8aa9b13;2022-08-07T12:38:00Z;125.13;125.13;125.13;125.13;2;
e6123145-9665-43e0-8413-cd61b8aa9b13;2022-08-07T12:39:00Z;125.13;125.13;125.13;125.13;1;
e6123145-9665-43e0-8413-cd61b8aa9b13;2022-08-07T12:40:00Z;125.13;125.64;125.64;125.13;11;
e6123145-9665-43e0-8413-cd61b8aa9b13;2022-08-07T12:41:00Z;125.09;125.59;125.59;125.09;124;
e6123145-9665-43e0-8413-cd61b8aa9b13;2022-08-07T12:42:00Z;125.08;125.08;125.08;125.08;10;
e6123145-9665-43e0-8413-cd61b8aa9b13;2022-08-07T12:43:00Z;125.08;125.59;125.59;125.08;9;
e6123145-9665-43e0-8413-cd61b8aa9b13;2022-08-07T12:44:00Z;125.08;125.08;125.59;125.08;15;
e6123145-9665-43e0-8413-cd61b8aa9b13;2022-08-07T12:45:00Z;125.05;125.51;125.55;125.01;103;
e6123145-9665-43e0-8413-cd61b8aa9b13;2022-08-07T12:46:00Z;125;125.63;125.63;125;172;
e6123145-9665-43e0-8413-cd61b8aa9b13;2022-08-07T12:47:00Z;125.11;125.61;125.61;125.08;61;
e6123145-9665-43e0-8413-cd61b8aa9b13;2022-08-07T12:48:00Z;125.07;125.56;125.58;125.05;42;
e6123145-9665-43e0-8413-cd61b8aa9b13;2022-08-07T12:49:00Z;125.56;125.08;125.61;125.08;99;
e6123145-9665-43e0-8413-cd61b8aa9b13;2022-08-07T12:51:00Z;125.06;125.06;125.06;125.06;1;
e6123145-9665-43e0-8413-cd61b8aa9b13;2022-08-07T12:52:00Z;125.04;125.01;125.54;125.01;93;
e6123145-9665-43e0-8413-cd61b8aa9b13;2022-08-07T12:53:00Z;125;125.59;125.59;125;203;
e6123145-9665-43e0-8413-cd61b8aa9b13;2022-08-07T12:54:00Z;125.11;125.57;125.6;125.07;174;
e6123145-9665-43e0-8413-cd61b8aa9b13;2022-08-07T12:55:00Z;125.04;125.04;125.04;125.04;46;
e6123145-9665-43e0-8413-cd61b8aa9b13;2022-08-07T12:56:00Z;125.53;125.03;125.58;125;253;
e6123145-9665-43e0-8413-cd61b8aa9b13;2022-08-07T12:57:00Z;125.54;125.01;125.54;125.01;56;
e6123145-9665-43e0-8413-cd61b8aa9b13;2022-08-07T12:58:00Z;125.01;125.58;125.58;124.99;140;
e6123145-9665-43e0-8413-cd61b8aa9b13;2022-08-07T12:59:00Z;125.05;125.51;125.51;125.01;112;
e6123145-9665-43e0-8413-cd61b8aa9b13;2022-08-07T13:02:00Z;125;125.51;125.51;125;13;
e6123145-9665-43e0-8413-cd61b8aa9b13;2022-08-07T13:03:00Z;125.51;124.97;125.51;124.97;87;
e6123145-9665-43e0-8413-cd61b8aa9b13;2022-08-07T13:04:00Z;125.46;125.47;125.47;125.46;24;
e6123145-9665-43e0-8413-cd61b8aa9b13;2022-08-07T13:05:00Z;124.95;124.95;125.46;124.95;26;
e6123145-9665-43e0-8413-cd61b8aa9b13;2022-08-07T13:07:00Z;124.94;125.45;125.45;124.94;12;
e6123145-9665-43e0-8413-cd61b8aa9b13;2022-08-07T13:08:00Z;124.93;124.93;124.93;124.93;14;
e6123145-9665-43e0-8413-cd61b8aa9b13;2022-08-07T13:09:00Z;125.44;124.93;125.44;124.93;8;
e6123145-9665-43e0-8413-cd61b8aa9b13;2022-08-07T13:10:00Z;125.46;125.46;125.46;125.46;50;
e6123145-9665-43e0-8413-cd61b8aa9b13;2022-08-07T13:11:00Z;125.48;125.48;125.48;125.48;1;
e6123145-9665-43e0-8413-cd61b8aa9b13;2022-08-07T13:12:00Z;125.48;124.96;125.48;124.96;11;
e6123145-9665-43e0-8413-cd61b8aa9b13;2022-08-07T13:13:00Z;124.96;124.96;124.96;124.96;6;
e6123145-9665-43e0-8413-cd61b8aa9b13;2022-08-07T13:14:00Z;125.47;124.95;125.47;124.95;24;
e6123145-9665-43e0-8413-cd61b8aa9b13;2022-08-07T13:15:00Z;124.93;125.43;125.43;124.92;42;
e6123145-9665-43e0-8413-cd61b8aa9b13;2022-08-07T13:16:00Z;125.43;125.44;125.44;125.43;2;
e6123145-9665-43e0-8413-cd61b8aa9b13;2022-08-07T13:17:00Z;124.92;124.88;124.92;124.88;63;
e6123145-9665-43e0-8413-cd61b8aa9b13;2022-08-07T13:18:00Z;125.39;125.39;125.39;124.88;5;
e6123145-9665-43e0-8413-cd61b8aa9b13;2022-08-07T13:19:00Z;124.88;124.88;124.88;124.88;3;
e6123145-9665-43e0-8413-cd61b8aa9b13;2022-08-07T13:21:00Z;124.87;124.88;125.39;124.87;18;
e6123145-9665-43e0-8413-cd61b8aa9b13;2022-08-07T13:22:00Z;125.4;125.4;125.4;125.4;1;
e6123145-9665-43e0-8413-cd61b8aa9b13;2022-08-07T13:23:00Z;125.4;125.43;125.43;125.4;63;
e6123145-9665-43e0-8413-cd61b8aa9b13;2022-08-07T13:24:00Z;125.45;125.49;125.49;125.45;102;
e6123145-9665-43e0-8413-cd61b8aa9b13;2022-08-07T13:25:00Z;125.53;125;125.53;125;51;
e6123145-9665-43e0-8413-cd61b8aa9b13;2022-08-07T13:26:00Z;124.97;125.49;125.49;124.97;3;
e6123145-9665-43e0-8413-cd61b8aa9b13;2022-08-07T13:28:00Z;124.98;125.52;125.52;124.98;91;
e6123145-9665-43e0-8413-cd61b8aa9b13;2022-08-07T13:29:00Z;125.05;125.04;125.05;125.04;2;
e6123145-9665-43e0-8413-cd61b8aa9b13;2022-08-07T13:30:00Z;125.58;125.6;125.6;125.58;55;
e6123145-9665-43e0-8413-cd61b8aa9b13;2022-08-07T13:31:00Z;125.6;125.6;125.6;125.6;1;
e6123145-9665-43e0-8413-cd61b8aa9b13;2022-08-07T13:32:00Z;124.99;125.44;125.44;124.89;361;
e6123145-9665-43e0-8413-cd61b8aa9b13;2022-08-07T13:33:00Z;125.48;125.48;125.48;125.48;2;
e6123145-9665-43e0-8413-cd61b8aa9b13;2022-08-07T13:34:00Z;124.93;124.93;124.93;124.93;100;
e6123145-9665-43e0-8413-cd61b8aa9b13;2022-08-07T13:35:00Z;125.4;125.4;125.4;125.4;1;
e6123145-9665-43e0-8413-cd61b8aa9b13;2022-08-07T13:36:00Z;124.87;125.29;125.29;124.81;165;
e6123145-9665-43e0-8413-cd61b8aa9b13;2022-08-07T13:37:00Z;124.78;125.29;125.29;124.78;14;
e6123145-9665-43e0-8413-cd61b8aa9b13;2022-08-07T13:38:00Z;125.3;124.79;125.3;124.79;4;
e6123145-9665-43e0-8413-cd61b8aa9b13;2022-08-07T13:39:00Z;125.3;124.88;125.31;124.72;325;
e6123145-9665-43e0-8413-cd61b8aa9b13;2022-08-07T13:40:00Z;125.39;124.88;125.39;124.88;8;
e6123145-9665-43e0-8413-cd61b8aa9b13;2022-08-07T13:41:00Z;124.87;125.39;125.39;124.87;15;
e6123145-9665-43e0-8413-cd61b8aa9b13;2022-08-07T13:42:00Z;125.39;125.39;125.39;125.39;3;
e6123145-9665-43e0-8413-cd61b8aa9b13;2022-08-07T13:43:00Z;124.84;124.84;124.84;124.84;100;
e6123145-9665-43e0-8413-cd61b8aa9b13;2022-08-07T13:44:00Z;125.32;124.77;125.32;124.77;116;
e6123145-9665-43e0-8413-cd61b8aa9b13;2022-08-07T13:45:00Z;125.25;125.29;125.29;124.74;112;
e6123145-9665-43e0-8413-cd61b8aa9b13;2022-08-07T13:46:00Z;125.33;125.43;125.43;125.33;237;
e6123145-9665-43e0-8413-cd61b8aa9b13;2022-08-07T13:47:00Z;125.01;125.03;125.53;125.01;34;
e6123145-9665-43e0-8413-cd61b8aa9b13;2022-08-07T13:48:00Z;125.54;125.03;125.54;125.03;6;
e6123145-9665-43e0-8413-cd61b8aa9b13;2022-08-07T13:49:00Z;125.54;125.03;125.54;125.03;8;
e6123145-9665-43e0-8413-cd61b8aa9b13;2022-08-07T13:50:00Z;125.54;125.59;125.59;125.54;111;
e6123145-9665-43e0-8413-cd61b8aa9b13;2022-08-07T13:51:00Z;125.1;125.1;125.1;125.1;50;
e6123145-9665-43e0-8413-cd61b8aa9b13;2022-08-07T13:52:00Z;125.59;125.59;125.59;125.59;6;
e6123145-9665-43e0-8413-cd61b8aa9b13;2022-08-07T13:53:00Z;125.6;125.6;125.6;125.6;2;
e6123145-9665-43e0-8413-cd61b8aa9b13;2022-08-07T13:54:00Z;125.6;125.6;125.6;125.08;8;
e6123145-9665-43e0-8413-cd61b8aa9b13;2022-08-07T13:55:00Z;125.61;125.11;125.62;125.1;24;
e6123145-9665-43e0-8413-cd61b8aa9b13;2022-08-07T13:56:00Z;125.1;125.62;125.62;125.1;22;
e6123145-9665-43e0-8413-cd61b8aa9b13;2022-08-07T13:57:00Z;125.08;124.97;125.08;124.97;288;
e6123145-9665-43e0-8413-cd61b8aa9b13;2022-08-07T13:58:00Z;125.4;125.4;125.4;125.4;2;
e6123145-9665-43e0-8413-cd61b8aa9b13;2022-08-07T13:59:00Z;124.89;124.88;125.4;124.88;23;
e6123145-9665-43e0-8413-cd61b8aa9b13;2022-08-07T14:00:00Z;124.88;124.88;125.39;124.88;8;
e6123145-9665-43e0-8413-cd61b8aa9b13;2022-08-07T14:01:00Z;125.39;124.88;125.39;124.88;2;
e6123145-9665-43e0-8413-cd61b8aa9b13;2022-08-07T14:02:00Z;125.39;125.4;125.4;125.39;23;
e6123145-9665-43e0-8413-cd61b8aa9b13;2022-08-07T14:03:00Z;124.9;124.9;124.9;124.9;1;
e6123145-9665-43e0-8413-cd61b8aa9b13;2022-08-07T14:04:00Z;124.9;124.91;125.42;124.9;24;
e6123145-9665-43e0-8413-cd61b8aa9b13;2022-08-07T14:05:00Z;125.42;124.89;125.42;124.89;36;
e6123145-9665-43e0-8413-cd61b8aa9b13;2022-08-07T14:06:00Z;124.89;125.38;125.4;124.88;52;
e6123145-9665-43e0-8413-cd61b8aa9b13;2022-08-07T14:07:00Z;125.39;125.4;125.4;124.84;141;
e6123145-9665-43e0-8413-cd61b8aa9b13;2022-08-07T14:08:00Z;125.41;124.89;125.41;124.89;50;
e6123145-9665-43e0-8413-cd61b8aa9b13;2022-08-07T14:09:00Z;125.4;124.92;125.43;124.92;48;
e6123145-9665-43e0-8413-cd61b8aa9b13;2022-08-07T14:10:00Z;125.43;125.42;125.43;124.87;346;
e6123145-9665-43e0-8413-cd61b8aa9b13;2022-08-07T14:11:00Z;124.99;125.48;125.48;124.96;52;
e6123145-9665-43e0-8413-cd61b8aa9b13;2022-08-07T14:12:00Z;124.97;125.4;125.4;124.93;102;
e6123145-9665-43e0-8413-cd61b8aa9b13;2022-08-07T14:13:00Z;125.4;125.41;125.41;124.89;16;
e6123145-9665-43e0-8413-cd61b8aa9b13;2022-08-07T14:14:00Z;125.42;125.42;125.42;125.42;19;
e6123145-9665-43e0-8413-cd61b8aa9b13;2022-08-07T14:15:00Z;125.43;125.43;125.43;124.92;15;
e6123145-9665-43e0-8413-cd61b8aa9b13;2022-08-07T14:16:00Z;124.92;124.9;124.92;124.9;40;
e6123145-9665-43e0-8413-cd61b8aa9b13;2022-08-07T14:17:00Z;125.41;124.9;125.41;124.9;7;
e6123145-9665-43e0-8413-cd61b8aa9b13;2022-08-07T14:18:00Z;125.41;125.41;125.41;125.41;1;
e6123145-9665-43e0-8413-cd61b8aa9b13;2022-08-07T14:19:00Z;124.9;124.9;124.9;124.9;1;
e6123145-9665-43e0-8413-cd61b8aa9b13;2022-08-07T14:20:00Z;124.89;125.39;125.39;124.89;21;
e6123145-9665-43e0-8413-cd61b8aa9b13;2022-08-07T14:21:00Z;125.47;125.47;125.47;125.47;200;
e6123145-9665-43e0-8413-cd61b8aa9b13;2022-08-07T14:22:00Z;125.03;124.99;125.03;124.99;81;
e6123145-9665-43e0-8413-cd61b8aa9b13;2022-08-07T14:23:00Z;124.96;125.45;125.5;124.95;252;
e6123145-9665-43e0-8413-cd61b8aa9b13;2022-08-07T14:24:00Z;124.93;125.43;125.43;124.93;32;
e6123145-9665-43e0-8413-cd61b8aa9b13;2022-08-07T14:25:00Z;124.92;124.92;124.92;124.92;2;
e6123145-9665-43e0-8413-cd61b8aa9b13;2022-08-07T14:26:00Z;125.43;124.88;125.43;124.88;61;
e6123145-9665-43e0-8413-cd61b8aa9b13;2022-08-07T14:27:00Z;124.87;125.39;125.39;124.86;37;
e6123145-9665-43e0-8413-cd61b8aa9b13;2022-08-07T14:28:00Z;124.89;124.89;124.89;124.89;1;
e6123145-9665-43e0-8413-cd61b8aa9b13;2022-08-07T14:29:00Z;125.4;125.41;125.41;124.9;24;
e6123145-9665-43e0-8413-cd61b8aa9b13;2022-08-07T14:30:00Z;125.42;125.42;125.42;125.42;2;
e6123145-9665-43e0-8413-cd61b8aa9b13;2022-08-07T14:31:00Z;124.9;124.87;125.42;124.87;62;
e6123145-9665-43e0-8413-cd61b8aa9b13;2022-08-07T14:32:00Z;125.37;125.38;125.38;124.86;22;
e6123145-9665-43e0-8413-cd61b8aa9b13;2022-08-07T14:33:00Z;125.38;124.87;125.38;124.87;18;
e6123145-9665-43e0-8413-cd61b8aa9b13;2022-08-07T14:34:00Z;124.87;125.08;125.39;124.69;551;
e6123145-9665-43e0-8413-cd61b8aa9b13;2022-08-07T14:35:00Z;124.57;125.23;125.23;124.57;241;
e6123145-9665-43e0-8413-cd61b8aa9b13;2022-08-07T14:36:00Z;125.23;124.7;125.23;124.7;35;
e6123145-9665-43e0-8413-cd61b8aa9b13;2022-08-07T14:37:00Z;125.21;124.7;125.21;124.7;13;
e6123145-9665-43e0-8413-cd61b8aa9b13;2022-08-07T14:38:00Z;125.22;125.25;125.25;125.22;59;
e6123145-9665-43e0-8413-cd61b8aa9b13;2022-08-07T14:39:00Z;124.75;125.27;125.27;124.75;25;
e6123145-9665-43e0-8413-cd61b8aa9b13;2022-08-07T14:40:00Z;125.28;124.78;125.29;124.78;23;
e6123145-9665-43e0-8413-cd61b8aa9b13;2022-08-07T14:41:00Z;125.29;124.79;125.29;124.79;11;
e6123145-9665-43e0-8413-cd61b8aa9b13;2022-08-07T14:42:00Z;124.78;124.78;124.78;124.78;2;
e6123145-9665-43e0-8413-cd61b8aa9b13;2022-08-07T14:43:00Z;124.78;124.78;124.78;124.78;1;
e6123145-9665-43e0-8413-cd61b8aa9b13;2022-08-07T14:44:00Z;125.3;125.39;125.39;125.3;120;
e6123145-9665-43e0-8413-cd61b8aa9b13;2022-08-07T14:45:00Z;125.39;125.39;125.39;125.39;10;
e6123145-9665-43e0-8413-cd61b8aa9b13;2022-08-07T14:46:00Z;124.88;124.88;124.88;124.88;9;
e6123145-9665-43e0-8413-cd61b8aa9b13;2022-08-07T14:47:00Z;124.88;125.37;125.39;124.86;47;
e6123145-9665-43e0-8413-cd61b8aa9b13;2022-08-07T14:48:00Z;124.83;125.24;125.31;124.76;185;
e6123145-9665-43e0-8413-cd61b8aa9b13;2022-08-07T14:49:00Z;125.25;125.27;125.27;124.75;51;
e6123145-9665-43e0-8413-cd61b8aa9b13;2022-08-07T14:50:00Z;124.75;125.25;125.25;124.75;28;
e6123145-9665-43e0-8413-cd61b8aa9b13;2022-08-07T14:51:00Z;125.25;124.74;125.25;124.74;21;
e6123145-9665-43e0-8413-cd61b8aa9b13;2022-08-07T14:52:00Z;124.73;124.73;124.73;124.73;6;
e6123145-9665-43e0-8413-cd61b8aa9b13;2022-08-07T14:53:00Z;125.24;125.03;125.55;124.69;610;
e6123145-9665-43e0-8413-cd61b8aa9b13;2022-08-07T14:54:00Z;125.02;125.14;125.14;124.82;512;
e6123145-9665-43e0-8413-cd61b8aa9b13;2022-08-07T14:55:00Z;124.54;125.26;125.26;124.45;625;
e6123145-9665-43e0-8413-cd61b8aa9b13;2022-08-07T14:56:00Z;125.35;124.9;125.35;124.9;221;
e6123145-9665-43e0-8413-cd61b8aa9b13;2022-08-07T14:57:00Z;124.9;125.4;125.42;124.89;51;
e6123145-9665-43e0-8413-cd61b8aa9b13;2022-08-07T14:58:00Z;124.89;125.4;125.4;124.89;7;
e6123145-9665-43e0-8413-cd61b8aa9b13;2022-08-07T14:59:00Z;125.4;125.4;125.4;124.89;7;
e6123145-9665-43e0-8413-cd61b8aa9b13;2022-08-07T15:00:00Z;125.4;124.88;125.4;124.88;12;
e6123145-9665-43e0-8413-cd61b8aa9b13;2022-08-07T15:01:00Z;125.41;124.92;125.41;124.92;50;
e6123145-9665-43e0-8413-cd61b8aa9b13;2022-08-07T15:02:00Z;124.88;124.84;124.88;124.84;103;
e6123145-9665-43e0-8413-cd61b8aa9b13;2022-08-07T15:04:00Z;124.83;125.44;125.44;124.83;257;
e6123145-9665-43e0-8413-cd61b8aa9b13;2022-08-07T15:05:00Z;124.97;124.91;124.97;124.91;152;
e6123145-9665-43e0-8413-cd61b8aa9b13;2022-08-07T15:06:00Z;125.42;125.42;125.42;125.42;2;
e6123145-9665-43e0-8413-cd61b8aa9b13;2022-08-07T15:07:00Z;124.91;124.91;125.42;124.9;42;
e6123145-9665-43e0-8413-cd61b8aa9b13;2022-08-07T15:08:00Z;125.42;124.87;125.42;124.87;120;
e6123145-9665-43e0-8413-cd61b8aa9b13;2022-08-07T15:09:00Z;125.34;124.8;125.34;124.8;58;
e6123145-9665-43e0-8413-cd61b8aa9b13;2022-08-07T15:10:00Z;125.32;125.32;125.32;125.32;30;
e6123145-9665-43e0-8413-cd61b8aa9b13;2022-08-07T15:11:00Z;124.8;124.8;124.8;124.8;50;
e6123145-9665-43e0-8413-cd61b8aa9b13;2022-08-07T15:12:00Z;125.3;124.79;125.31;124.79;31;
e6123145-9665-43e0-8413-cd61b8aa9b13;2022-08-07T15:13:00Z;125.3;125.31;125.31;125.3;11;
e6123145-9665-43e0-8413-cd61b8aa9b13;2022-08-07T15:14:00Z;125.35;125.42;125.42;125.35;145;
e6123145-9665-43e0-8413-cd61b8aa9b13;2022-08-07T15:15:00Z;124.91;125.43;125.43;124.91;27;
e6123145-9665-43e0-8413-cd61b8aa9b13;2022-08-07T15:16:00Z;124.93;125.46;125.46;124.93;65;
e6123145-9665-43e0-8413-cd61b8aa9b13;2022-08-07T15:17:00Z;125.49;124.98;125.49;124.98;21;
e6123145-9665-43e0-8413-cd61b8aa9b13;2022-08-07T15:18:00Z;124.98;124.97;124.98;124.97;7;
e6123145-9665-43e0-8413-cd61b8aa9b13;2022-08-07T15:19:00Z;124.97;124.97;125.48;124.97;7;
e6123145-9665-43e0-8413-cd61b8aa9b13;2022-08-07T15:20:00Z;124.97;125.48;125.48;124.97;11;
e6123145-9665-43e0-8413-cd61b8aa9b13;2022-08-07T15:21:00Z;125.48;124.97;125.48;124.97;6;
e6123145-9665-43e0-8413-cd61b8aa9b13;2022-08-07T15:22:00Z;124.96;125.44;125.5;124.96;124;
e6123145-9665-43e0-8413-cd61b8aa9b13;2022-08-07T15:23:00Z;124.93;124.98;125.48;124.93;94;
e6123145-9665-43e0-8413-cd61b8aa9b13;2022-08-07T15:24:00Z;124.98;125.4;125.42;124.9;181;
e6123145-9665-43e0-8413-cd61b8aa9b13;2022-08-07T15:25:00Z;124.89;124.88;125.4;124.88;8;
e6123145-9665-43e0-8413-cd61b8aa9b13;2022-08-07T15:26:00Z;124.88;124.88;124.88;124.88;4;
e6123145-9665-43e0-8413-cd61b8aa9b13;2022-08-07T15:27:00Z;124.88;124.88;124.88;124.88;8;
e6123145-9665-43e0-8413-cd61b8aa9b13;2022-08-07T15:28:00Z;124.85;124.85;124.85;124.85;50;
e6123145-9665-43e0-8413-cd61b8aa9b13;2022-08-07T15:29:00Z;124.83;125.4;125.4;124.83;75;
e6123145-9665-43e0-8413-cd61b8aa9b13;2022-08-07T15:30:00Z;124.88;124.87;125.39;124.87;26;
e6123145-9665-43e0-8413-cd61b8aa9b13;2022-08-07T15:31:00Z;125.39;124.79;125.39;124.72;576;
e6123145-9665-43e0-8413-cd61b8aa9b13;2022-08-07T15:32:00Z;125.3;124.76;125.3;124.76;43;
e6123145-9665-43e0-8413-cd61b8aa9b13;2022-08-07T15:33:00Z;125.27;125.27;125.27;124.74;76;
e6123145-9665-43e0-8413-cd61b8aa9b13;2022-08-07T15:34:00Z;125.31;124.83;125.35;124.83;113;
e6123145-9665-43e0-8413-cd61b8aa9b13;2022-08-07T15:35:00Z;125.34;124.83;125.35;124.83;36;
e6123145-9665-43e0-8413-cd61b8aa9b13;2022-08-07T15:36:00Z;124.82;125.4;125.4;124.82;93;
e6123145-9665-43e0-8413-cd61b8aa9b13;2022-08-07T15:37:00Z;124.88;125.42;125.42;124.83;287;
e6123145-9665-43e0-8413-cd61b8aa9b13;2022-08-07T15:38:00Z;124.98;124.82;125.34;124.82;6;
e6123145-9665-43e0-8413-cd61b8aa9b13;2022-08-07T15:39:00Z;125.34;124.84;125.36;124.84;76;
e6123145-9665-43e0-8413-cd61b8aa9b13;2022-08-07T15:40:00Z;124.83;125.34;125.34;124.83;15;
e6123145-9665-43e0-8413-cd61b8aa9b13;2022-08-07T15:41:00Z;124.83;124.83;125.35;124.83;19;
e6123145-9665-43e0-8413-cd61b8aa9b13;2022-08-07T15:42:00Z;124.82;124.7;125.21;124.69;256;
e6123145-9665-43e0-8413-cd61b8aa9b13;2022-08-07T15:43:00Z;125.21;124.69;125.21;124.69;53;
e6123145-9665-43e0-8413-cd61b8aa9b13;2022-08-07T15:44:00Z;124.68;125.09;125.24;124.57;274;
e6123145-9665-43e0-8413-cd61b8aa9b13;2022-08-07T15:45:00Z;124.58;125.1;125.1;124.58;34;
e6123145-9665-43e0-8413-cd61b8aa9b13;2022-08-07T15:46:00Z;125.11;125.02;125.51;124.59;681;
e6123145-9665-43e0-8413-cd61b8aa9b13;2022-08-07T15:47:00Z;124.81;124.58;125.13;124.38;895;
e6123145-9665-43e0-8413-cd61b8aa9b13;2022-08-07T15:48:00Z;125.17;125.28;125.28;125.17;289;
e6123145-9665-43e0-8413-cd61b8aa9b13;2022-08-07T15:49:00Z;124.78;124.77;125.28;124.77;27;
e6123145-9665-43e0-8413-cd61b8aa9b13;2022-08-07T15:50:00Z;124.58;124.42;124.94;124.42;588;
e6123145-9665-43e0-8413-cd61b8aa9b13;2022-08-07T15:51:00Z;124.4;124.92;124.92;124.4;36;
e6123145-9665-43e0-8413-cd61b8aa9b13;2022-08-07T15:52:00Z;124.93;124.42;124.93;124.42;2;
e6123145-9665-43e0-8413-cd61b8aa9b13;2022-08-07T15:53:00Z;124.42;124.41;124.42;124.41;21;
e6123145-9665-43e0-8413-cd61b8aa9b13;2022-08-07T15:54:00Z;124.92;124.42;124.92;124.42;14;
e6123145-9665-43e0-8413-cd61b8aa9b13;2022-08-07T15:55:00Z;124.41;124.41;124.41;124.41;21;
e6123145-9665-43e0-8413-cd61b8aa9b13;2022-08-07T15:56:00Z;124.4;124.91;124.91;124.4;6;
e6123145-9665-43e0-8413-cd61b8aa9b13;2022-08-07T15:57:00Z;124.4;124.4;124.4;124.4;5;
e6123145-9665-43e0-8413-cd61b8aa9b13;2022-08-07T15:58:00Z;124.39;125.04;125.04;124.39;212;
e6123145-9665-43e0-8413-cd61b8aa9b13;2022-08-07T15:59:00Z;124.5;124.52;125.02;124.5;240;
