e6123145-9665-43e0-8413-cd61b8aa9b13;2018-12-07T07:00:00Z;193.52;193.48;193.7;193.14;51158;
e6123145-9665-43e0-8413-cd61b8aa9b13;2018-12-07T07:01:00Z;193.42;193.86;193.92;193.4;56882;
e6123145-9665-43e0-8413-cd61b8aa9b13;2018-12-07T07:02:00Z;193.86;193.73;193.95;193.47;28548;
e6123145-9665-43e0-8413-cd61b8aa9b13;2018-12-07T07:03:00Z;193.67;193.81;193.88;193.66;13597;
e6123145-9665-43e0-8413-cd61b8aa9b13;2018-12-07T07:04:00Z;193.84;193.81;193.88;193.71;16010;
e6123145-9665-43e0-8413-cd61b8aa9b13;2018-12-07T07:05:00Z;193.84;193.6;193.88;193.6;12559;
e6123145-9665-43e0-8413-cd61b8aa9b13;2018-12-07T07:06:00Z;193.66;193.41;193.66;193.41;37114;
e6123145-9665-43e0-8413-cd61b8aa9b13;2018-12-07T07:07:00Z;193.42;193.32;193.5;193.25;30440;
e6123145-9665-43e0-8413-cd61b8aa9b13;2018-12-07T07:08:00Z;193.42;193.45;193.46;193.31;4010;
e6123145-9665-43e0-8413-cd61b8aa9b13;2018-12-07T07:09:00Z;193.39;193.5;193.5;193.39;4039;
e6123145-9665-43e0-8413-cd61b8aa9b13;2018-12-07T07:10:00Z;193.5;193.17;193.5;193.12;27739;
e6123145-9665-43e0-8413-cd61b8aa9b13;2018-12-07T07:11:00Z;193.14;193.24;193.24;193.1;6844;
e6123145-9665-43e0-8413-cd61b8aa9b13;2018-12-07T07:12:00Z;193.21;193.4;193.4;193.21;4494;
e6123145-9665-43e0-8413-cd61b8aa9b13;2018-12-07T07:13:00Z;193.4;193.36;193.4;193.26;3069;
e6123145-9665-43e0-8413-cd61b8aa9b13;2018-12-07T07:14:00Z;193.37;193.47;193.6;193.35;23588;
e6123145-9665-43e0-8413-cd61b8aa9b13;2018-12-07T07:15:00Z;193.48;193.49;193.57;193.39;3139;
e6123145-9665-43e0-8413-cd61b8aa9b13;2018-12-07T07:16:00Z;193.49;193.31;193.5;193.3;12958;
e6123145-9665-43e0-8413-cd61b8aa9b13;2018-12-07T07:17:00Z;193.3;193.16;193.36;193.16;5949;
e6123145-9665-43e0-8413-cd61b8aa9b13;2018-12-07T07:18:00Z;193.17;193.39;193.4;193.17;2825;
e6123145-9665-43e0-8413-cd61b8aa9b13;2018-12-07T07:19:00Z;193.4;193.25;193.4;193.25;2310;
e6123145-9665-43e0-8413-cd61b8aa9b13;2018-12-07T07:20:00Z;193.31;193.36;193.4;193.28;4143;
e6123145-9665-43e0-8413-cd61b8aa9b13;2018-12-07T07:21:00Z;193.35;193.33;193.42;193.27;1219;
e6123145-9665-43e0-8413-cd61b8aa9b13;2018-12-07T07:22:00Z;193.33;193.48;193.5;193.33;2234;
e6123145-9665-43e0-8413-cd61b8aa9b13;2018-12-07T07:23:00Z;193.48;193.5;193.6;193.44;5990;
e6123145-9665-43e0-8413-cd61b8aa9b13;2018-12-07T07:24:00Z;193.59;193.66;193.7;193.55;5392;
e6123145-9665-43e0-8413-cd61b8aa9b13;2018-12-07T07:25:00Z;193.69;193.63;193.7;193.59;3641;
e6123145-9665-43e0-8413-cd61b8aa9b13;2018-12-07T07:26:00Z;193.66;193.68;193.7;193.63;2971;
e6123145-9665-43e0-8413-cd61b8aa9b13;2018-12-07T07:27:00Z;193.68;193.79;193.79;193.6;11888;
e6123145-9665-43e0-8413-cd61b8aa9b13;2018-12-07T07:28:00Z;193.75;193.79;193.85;193.73;14576;
e6123145-9665-43e0-8413-cd61b8aa9b13;2018-12-07T07:29:00Z;193.77;193.66;193.8;193.55;5898;
e6123145-9665-43e0-8413-cd61b8aa9b13;2018-12-07T07:30:00Z;193.66;193.47;193.66;193.45;5608;
e6123145-9665-43e0-8413-cd61b8aa9b13;2018-12-07T07:31:00Z;193.45;193.5;193.53;193.45;2844;
e6123145-9665-43e0-8413-cd61b8aa9b13;2018-12-07T07:32:00Z;193.49;193.44;193.5;193.4;5226;
e6123145-9665-43e0-8413-cd61b8aa9b13;2018-12-07T07:33:00Z;193.42;193.47;193.47;193.37;2964;
e6123145-9665-43e0-8413-cd61b8aa9b13;2018-12-07T07:34:00Z;193.47;193.42;193.47;193.4;2072;
e6123145-9665-43e0-8413-cd61b8aa9b13;2018-12-07T07:35:00Z;193.41;193.73;193.74;193.41;7167;
e6123145-9665-43e0-8413-cd61b8aa9b13;2018-12-07T07:36:00Z;193.69;193.62;193.7;193.6;1050;
e6123145-9665-43e0-8413-cd61b8aa9b13;2018-12-07T07:37:00Z;193.62;193.62;193.7;193.58;505;
e6123145-9665-43e0-8413-cd61b8aa9b13;2018-12-07T07:38:00Z;193.6;193.64;193.8;193.59;7865;
e6123145-9665-43e0-8413-cd61b8aa9b13;2018-12-07T07:39:00Z;193.66;193.78;193.85;193.66;17868;
e6123145-9665-43e0-8413-cd61b8aa9b13;2018-12-07T07:40:00Z;193.78;193.87;193.87;193.77;7327;
e6123145-9665-43e0-8413-cd61b8aa9b13;2018-12-07T07:41:00Z;193.87;193.89;193.9;193.8;15149;
e6123145-9665-43e0-8413-cd61b8aa9b13;2018-12-07T07:42:00Z;193.9;193.95;194;193.82;32508;
e6123145-9665-43e0-8413-cd61b8aa9b13;2018-12-07T07:43:00Z;193.96;193.95;193.98;193.89;8071;
e6123145-9665-43e0-8413-cd61b8aa9b13;2018-12-07T07:44:00Z;193.94;193.98;193.98;193.83;10042;
e6123145-9665-43e0-8413-cd61b8aa9b13;2018-12-07T07:45:00Z;193.97;194.05;194.09;193.96;13457;
e6123145-9665-43e0-8413-cd61b8aa9b13;2018-12-07T07:46:00Z;194.05;193.9;194.05;193.87;3682;
e6123145-9665-43e0-8413-cd61b8aa9b13;2018-12-07T07:47:00Z;193.9;193.98;193.99;193.9;4168;
e6123145-9665-43e0-8413-cd61b8aa9b13;2018-12-07T07:48:00Z;194;194.02;194.05;193.95;12216;
e6123145-9665-43e0-8413-cd61b8aa9b13;2018-12-07T07:49:00Z;194.03;193.98;194.05;193.92;2300;
e6123145-9665-43e0-8413-cd61b8aa9b13;2018-12-07T07:50:00Z;193.94;193.98;193.98;193.9;4567;
e6123145-9665-43e0-8413-cd61b8aa9b13;2018-12-07T07:51:00Z;193.95;193.91;193.96;193.9;4101;
e6123145-9665-43e0-8413-cd61b8aa9b13;2018-12-07T07:52:00Z;193.91;193.9;193.95;193.9;4007;
e6123145-9665-43e0-8413-cd61b8aa9b13;2018-12-07T07:53:00Z;193.89;193.77;193.94;193.77;6008;
e6123145-9665-43e0-8413-cd61b8aa9b13;2018-12-07T07:54:00Z;193.75;193.79;193.79;193.71;4631;
e6123145-9665-43e0-8413-cd61b8aa9b13;2018-12-07T07:55:00Z;193.8;193.78;193.8;193.73;1414;
e6123145-9665-43e0-8413-cd61b8aa9b13;2018-12-07T07:56:00Z;193.79;193.8;193.8;193.75;4568;
e6123145-9665-43e0-8413-cd61b8aa9b13;2018-12-07T07:57:00Z;193.8;193.79;193.8;193.76;3930;
e6123145-9665-43e0-8413-cd61b8aa9b13;2018-12-07T07:58:00Z;193.78;193.52;193.78;193.52;11274;
e6123145-9665-43e0-8413-cd61b8aa9b13;2018-12-07T07:59:00Z;193.54;193.53;193.6;193.43;11187;
e6123145-9665-43e0-8413-cd61b8aa9b13;2018-12-07T08:00:00Z;193.6;193.56;193.69;193.53;17038;
e6123145-9665-43e0-8413-cd61b8aa9b13;2018-12-07T08:01:00Z;193.6;193.75;193.95;193.56;13212;
e6123145-9665-43e0-8413-cd61b8aa9b13;2018-12-07T08:02:00Z;193.72;193.74;193.76;193.64;1094;
e6123145-9665-43e0-8413-cd61b8aa9b13;2018-12-07T08:03:00Z;193.7;193.57;193.71;193.5;5886;
e6123145-9665-43e0-8413-cd61b8aa9b13;2018-12-07T08:04:00Z;193.54;193.59;193.65;193.5;2844;
e6123145-9665-43e0-8413-cd61b8aa9b13;2018-12-07T08:05:00Z;193.54;193.53;193.6;193.44;6695;
e6123145-9665-43e0-8413-cd61b8aa9b13;2018-12-07T08:06:00Z;193.46;193.45;193.5;193.31;10488;
e6123145-9665-43e0-8413-cd61b8aa9b13;2018-12-07T08:07:00Z;193.42;193.73;193.82;193.42;6144;
e6123145-9665-43e0-8413-cd61b8aa9b13;2018-12-07T08:08:00Z;193.73;193.75;193.89;193.71;6231;
e6123145-9665-43e0-8413-cd61b8aa9b13;2018-12-07T08:09:00Z;193.8;193.71;193.85;193.66;2256;
e6123145-9665-43e0-8413-cd61b8aa9b13;2018-12-07T08:10:00Z;193.8;193.88;193.93;193.78;5403;
e6123145-9665-43e0-8413-cd61b8aa9b13;2018-12-07T08:11:00Z;193.87;193.64;193.87;193.57;5184;
e6123145-9665-43e0-8413-cd61b8aa9b13;2018-12-07T08:12:00Z;193.65;193.84;193.93;193.65;7193;
e6123145-9665-43e0-8413-cd61b8aa9b13;2018-12-07T08:13:00Z;193.77;193.84;193.93;193.76;5384;
e6123145-9665-43e0-8413-cd61b8aa9b13;2018-12-07T08:14:00Z;193.84;193.8;193.85;193.67;3182;
e6123145-9665-43e0-8413-cd61b8aa9b13;2018-12-07T08:15:00Z;193.83;193.88;193.88;193.77;1102;
e6123145-9665-43e0-8413-cd61b8aa9b13;2018-12-07T08:16:00Z;193.89;193.88;193.92;193.7;4073;
e6123145-9665-43e0-8413-cd61b8aa9b13;2018-12-07T08:17:00Z;193.88;193.78;193.88;193.78;1944;
e6123145-9665-43e0-8413-cd61b8aa9b13;2018-12-07T08:18:00Z;193.79;193.78;193.89;193.71;8097;
e6123145-9665-43e0-8413-cd61b8aa9b13;2018-12-07T08:19:00Z;193.79;193.76;193.89;193.75;10285;
e6123145-9665-43e0-8413-cd61b8aa9b13;2018-12-07T08:20:00Z;193.77;193.78;193.81;193.69;3893;
e6123145-9665-43e0-8413-cd61b8aa9b13;2018-12-07T08:21:00Z;193.76;193.63;193.8;193.63;5427;
e6123145-9665-43e0-8413-cd61b8aa9b13;2018-12-07T08:22:00Z;193.65;193.77;193.86;193.64;10535;
e6123145-9665-43e0-8413-cd61b8aa9b13;2018-12-07T08:23:00Z;193.82;193.86;193.86;193.78;2122;
e6123145-9665-43e0-8413-cd61b8aa9b13;2018-12-07T08:24:00Z;193.87;193.9;193.94;193.84;8646;
e6123145-9665-43e0-8413-cd61b8aa9b13;2018-12-07T08:25:00Z;193.94;193.97;194.15;193.94;79813;
e6123145-9665-43e0-8413-cd61b8aa9b13;2018-12-07T08:26:00Z;193.97;193.94;194;193.89;1094;
e6123145-9665-43e0-8413-cd61b8aa9b13;2018-12-07T08:27:00Z;193.92;193.96;194;193.9;1862;
e6123145-9665-43e0-8413-cd61b8aa9b13;2018-12-07T08:28:00Z;194;193.93;194;193.9;3828;
e6123145-9665-43e0-8413-cd61b8aa9b13;2018-12-07T08:29:00Z;193.93;193.89;194;193.81;6636;
e6123145-9665-43e0-8413-cd61b8aa9b13;2018-12-07T08:30:00Z;193.89;193.88;193.93;193.83;5504;
e6123145-9665-43e0-8413-cd61b8aa9b13;2018-12-07T08:31:00Z;193.85;193.9;193.91;193.83;2028;
e6123145-9665-43e0-8413-cd61b8aa9b13;2018-12-07T08:32:00Z;193.83;193.88;193.9;193.83;2737;
e6123145-9665-43e0-8413-cd61b8aa9b13;2018-12-07T08:33:00Z;193.86;193.9;193.99;193.85;18477;
e6123145-9665-43e0-8413-cd61b8aa9b13;2018-12-07T08:34:00Z;193.93;193.91;193.98;193.84;3544;
e6123145-9665-43e0-8413-cd61b8aa9b13;2018-12-07T08:35:00Z;193.87;193.82;193.95;193.82;3865;
e6123145-9665-43e0-8413-cd61b8aa9b13;2018-12-07T08:36:00Z;193.82;193.72;193.89;193.63;13597;
e6123145-9665-43e0-8413-cd61b8aa9b13;2018-12-07T08:37:00Z;193.71;193.73;193.85;193.64;4500;
e6123145-9665-43e0-8413-cd61b8aa9b13;2018-12-07T08:38:00Z;193.72;193.76;193.81;193.56;16623;
e6123145-9665-43e0-8413-cd61b8aa9b13;2018-12-07T08:39:00Z;193.7;193.86;193.87;193.7;14611;
e6123145-9665-43e0-8413-cd61b8aa9b13;2018-12-07T08:40:00Z;193.86;193.77;193.9;193.71;19687;
e6123145-9665-43e0-8413-cd61b8aa9b13;2018-12-07T08:41:00Z;193.78;194;194;193.7;38611;
e6123145-9665-43e0-8413-cd61b8aa9b13;2018-12-07T08:42:00Z;194;194;194;193.93;23556;
e6123145-9665-43e0-8413-cd61b8aa9b13;2018-12-07T08:43:00Z;194;194.18;194.2;194;41292;
e6123145-9665-43e0-8413-cd61b8aa9b13;2018-12-07T08:44:00Z;194.17;194.57;194.59;194.17;88132;
e6123145-9665-43e0-8413-cd61b8aa9b13;2018-12-07T08:45:00Z;194.57;194.45;194.72;194.45;61879;
e6123145-9665-43e0-8413-cd61b8aa9b13;2018-12-07T08:46:00Z;194.51;194.5;194.55;194.45;13736;
e6123145-9665-43e0-8413-cd61b8aa9b13;2018-12-07T08:47:00Z;194.48;194.45;194.5;194.35;14063;
e6123145-9665-43e0-8413-cd61b8aa9b13;2018-12-07T08:48:00Z;194.42;194.35;194.45;194.3;3736;
e6123145-9665-43e0-8413-cd61b8aa9b13;2018-12-07T08:49:00Z;194.32;194.32;194.44;194.3;3745;
e6123145-9665-43e0-8413-cd61b8aa9b13;2018-12-07T08:50:00Z;194.34;194.26;194.35;194.16;15827;
e6123145-9665-43e0-8413-cd61b8aa9b13;2018-12-07T08:51:00Z;194.27;194.24;194.32;194.2;9734;
e6123145-9665-43e0-8413-cd61b8aa9b13;2018-12-07T08:52:00Z;194.25;194.38;194.39;194.25;4051;
e6123145-9665-43e0-8413-cd61b8aa9b13;2018-12-07T08:53:00Z;194.36;194.4;194.5;194.35;8521;
e6123145-9665-43e0-8413-cd61b8aa9b13;2018-12-07T08:54:00Z;194.37;194.24;194.42;194.24;4373;
e6123145-9665-43e0-8413-cd61b8aa9b13;2018-12-07T08:55:00Z;194.24;194.28;194.37;194.24;2727;
e6123145-9665-43e0-8413-cd61b8aa9b13;2018-12-07T08:56:00Z;194.28;194.36;194.42;194.26;3621;
e6123145-9665-43e0-8413-cd61b8aa9b13;2018-12-07T08:57:00Z;194.29;194.38;194.45;194.29;4629;
e6123145-9665-43e0-8413-cd61b8aa9b13;2018-12-07T08:58:00Z;194.38;194.35;194.4;194.31;2366;
e6123145-9665-43e0-8413-cd61b8aa9b13;2018-12-07T08:59:00Z;194.33;194.49;194.49;194.32;3149;
e6123145-9665-43e0-8413-cd61b8aa9b13;2018-12-07T09:00:00Z;194.44;194.09;194.49;194;36023;
e6123145-9665-43e0-8413-cd61b8aa9b13;2018-12-07T09:01:00Z;194.09;193.72;194.14;193.72;39933;
e6123145-9665-43e0-8413-cd61b8aa9b13;2018-12-07T09:02:00Z;193.74;193.79;193.92;193.74;7897;
e6123145-9665-43e0-8413-cd61b8aa9b13;2018-12-07T09:03:00Z;193.81;193.89;193.89;193.63;17959;
e6123145-9665-43e0-8413-cd61b8aa9b13;2018-12-07T09:04:00Z;193.89;193.78;193.89;193.75;2860;
e6123145-9665-43e0-8413-cd61b8aa9b13;2018-12-07T09:05:00Z;193.78;193.86;193.86;193.73;2402;
e6123145-9665-43e0-8413-cd61b8aa9b13;2018-12-07T09:06:00Z;193.78;193.8;193.9;193.75;3049;
e6123145-9665-43e0-8413-cd61b8aa9b13;2018-12-07T09:07:00Z;193.87;193.86;193.9;193.82;467;
e6123145-9665-43e0-8413-cd61b8aa9b13;2018-12-07T09:08:00Z;193.85;193.87;193.89;193.8;894;
e6123145-9665-43e0-8413-cd61b8aa9b13;2018-12-07T09:09:00Z;193.88;193.89;193.89;193.88;224;
e6123145-9665-43e0-8413-cd61b8aa9b13;2018-12-07T09:10:00Z;193.88;193.93;193.93;193.83;1166;
e6123145-9665-43e0-8413-cd61b8aa9b13;2018-12-07T09:11:00Z;193.91;193.78;193.91;193.72;7246;
e6123145-9665-43e0-8413-cd61b8aa9b13;2018-12-07T09:12:00Z;193.78;193.75;193.78;193.72;3169;
e6123145-9665-43e0-8413-cd61b8aa9b13;2018-12-07T09:13:00Z;193.75;193.62;193.75;193.59;27463;
e6123145-9665-43e0-8413-cd61b8aa9b13;2018-12-07T09:14:00Z;193.65;193.74;193.78;193.62;2675;
e6123145-9665-43e0-8413-cd61b8aa9b13;2018-12-07T09:15:00Z;193.76;193.6;193.78;193.59;5873;
e6123145-9665-43e0-8413-cd61b8aa9b13;2018-12-07T09:16:00Z;193.59;193.64;193.67;193.51;32318;
e6123145-9665-43e0-8413-cd61b8aa9b13;2018-12-07T09:17:00Z;193.64;193.54;193.69;193.54;4482;
e6123145-9665-43e0-8413-cd61b8aa9b13;2018-12-07T09:18:00Z;193.53;193.59;193.63;193.52;18584;
e6123145-9665-43e0-8413-cd61b8aa9b13;2018-12-07T09:19:00Z;193.64;193.7;193.79;193.64;3138;
e6123145-9665-43e0-8413-cd61b8aa9b13;2018-12-07T09:20:00Z;193.7;193.62;193.72;193.62;1083;
e6123145-9665-43e0-8413-cd61b8aa9b13;2018-12-07T09:21:00Z;193.7;193.55;193.74;193.54;4155;
e6123145-9665-43e0-8413-cd61b8aa9b13;2018-12-07T09:22:00Z;193.6;193.04;193.62;193;87910;
e6123145-9665-43e0-8413-cd61b8aa9b13;2018-12-07T09:23:00Z;193.04;192.99;193.12;192.97;42615;
e6123145-9665-43e0-8413-cd61b8aa9b13;2018-12-07T09:24:00Z;193.01;192.99;193.07;192.85;13836;
e6123145-9665-43e0-8413-cd61b8aa9b13;2018-12-07T09:25:00Z;192.99;193.2;193.31;192.97;19046;
e6123145-9665-43e0-8413-cd61b8aa9b13;2018-12-07T09:26:00Z;193.22;193.18;193.28;193.13;3758;
e6123145-9665-43e0-8413-cd61b8aa9b13;2018-12-07T09:27:00Z;193.14;193.12;193.14;193;2492;
e6123145-9665-43e0-8413-cd61b8aa9b13;2018-12-07T09:28:00Z;193.13;193.09;193.17;193;3193;
e6123145-9665-43e0-8413-cd61b8aa9b13;2018-12-07T09:29:00Z;193.09;193.09;193.19;193;6714;
e6123145-9665-43e0-8413-cd61b8aa9b13;2018-12-07T09:30:00Z;193.1;192.8;193.13;192.6;26825;
e6123145-9665-43e0-8413-cd61b8aa9b13;2018-12-07T09:31:00Z;192.85;193.06;193.06;192.8;10876;
e6123145-9665-43e0-8413-cd61b8aa9b13;2018-12-07T09:32:00Z;193.03;192.85;193.09;192.83;4308;
e6123145-9665-43e0-8413-cd61b8aa9b13;2018-12-07T09:33:00Z;192.83;192.82;192.87;192.71;8600;
e6123145-9665-43e0-8413-cd61b8aa9b13;2018-12-07T09:34:00Z;192.78;192.8;192.86;192.77;1634;
e6123145-9665-43e0-8413-cd61b8aa9b13;2018-12-07T09:35:00Z;192.78;192.81;192.83;192.7;4478;
e6123145-9665-43e0-8413-cd61b8aa9b13;2018-12-07T09:36:00Z;192.81;192.91;192.91;192.77;3028;
e6123145-9665-43e0-8413-cd61b8aa9b13;2018-12-07T09:37:00Z;192.89;192.83;192.92;192.78;1684;
e6123145-9665-43e0-8413-cd61b8aa9b13;2018-12-07T09:38:00Z;192.84;192.93;193.01;192.84;2397;
e6123145-9665-43e0-8413-cd61b8aa9b13;2018-12-07T09:39:00Z;192.91;192.99;193;192.87;3250;
e6123145-9665-43e0-8413-cd61b8aa9b13;2018-12-07T09:40:00Z;192.99;192.81;192.99;192.8;3533;
e6123145-9665-43e0-8413-cd61b8aa9b13;2018-12-07T09:41:00Z;192.84;192.85;192.96;192.8;2989;
e6123145-9665-43e0-8413-cd61b8aa9b13;2018-12-07T09:42:00Z;192.85;192.72;192.9;192.7;9469;
e6123145-9665-43e0-8413-cd61b8aa9b13;2018-12-07T09:43:00Z;192.79;192.87;192.87;192.75;5436;
e6123145-9665-43e0-8413-cd61b8aa9b13;2018-12-07T09:44:00Z;192.83;192.94;192.99;192.81;5376;
e6123145-9665-43e0-8413-cd61b8aa9b13;2018-12-07T09:45:00Z;192.95;192.9;192.98;192.9;528;
e6123145-9665-43e0-8413-cd61b8aa9b13;2018-12-07T09:46:00Z;192.95;192.92;192.95;192.85;2447;
e6123145-9665-43e0-8413-cd61b8aa9b13;2018-12-07T09:47:00Z;192.92;192.95;192.95;192.9;1458;
e6123145-9665-43e0-8413-cd61b8aa9b13;2018-12-07T09:48:00Z;192.95;192.98;192.98;192.9;4144;
e6123145-9665-43e0-8413-cd61b8aa9b13;2018-12-07T09:49:00Z;192.95;193.12;193.15;192.95;7147;
e6123145-9665-43e0-8413-cd61b8aa9b13;2018-12-07T09:50:00Z;193.13;193.1;193.2;193.05;5531;
e6123145-9665-43e0-8413-cd61b8aa9b13;2018-12-07T09:51:00Z;193.13;193.12;193.18;193.05;1699;
e6123145-9665-43e0-8413-cd61b8aa9b13;2018-12-07T09:52:00Z;193.11;193.24;193.24;193.09;1381;
e6123145-9665-43e0-8413-cd61b8aa9b13;2018-12-07T09:53:00Z;193.24;193.32;193.32;193.17;5275;
e6123145-9665-43e0-8413-cd61b8aa9b13;2018-12-07T09:54:00Z;193.32;193.38;193.42;193.32;4247;
e6123145-9665-43e0-8413-cd61b8aa9b13;2018-12-07T09:55:00Z;193.4;193.32;193.41;193.31;10293;
e6123145-9665-43e0-8413-cd61b8aa9b13;2018-12-07T09:56:00Z;193.33;193.41;193.41;193.29;2591;
e6123145-9665-43e0-8413-cd61b8aa9b13;2018-12-07T09:57:00Z;193.41;193.26;193.41;193.25;3530;
e6123145-9665-43e0-8413-cd61b8aa9b13;2018-12-07T09:58:00Z;193.26;193.25;193.3;193.25;596;
e6123145-9665-43e0-8413-cd61b8aa9b13;2018-12-07T09:59:00Z;193.23;193.03;193.26;193;5871;
e6123145-9665-43e0-8413-cd61b8aa9b13;2018-12-07T10:00:00Z;193.06;192.9;193.13;192.85;8943;
e6123145-9665-43e0-8413-cd61b8aa9b13;2018-12-07T10:01:00Z;192.93;192.92;193;192.86;3200;
e6123145-9665-43e0-8413-cd61b8aa9b13;2018-12-07T10:02:00Z;192.93;192.56;192.93;192.5;18328;
e6123145-9665-43e0-8413-cd61b8aa9b13;2018-12-07T10:03:00Z;192.57;192.76;192.76;192.51;8497;
e6123145-9665-43e0-8413-cd61b8aa9b13;2018-12-07T10:04:00Z;192.77;192.77;192.8;192.69;1218;
e6123145-9665-43e0-8413-cd61b8aa9b13;2018-12-07T10:05:00Z;192.73;192.8;192.8;192.69;2384;
e6123145-9665-43e0-8413-cd61b8aa9b13;2018-12-07T10:06:00Z;192.8;192.92;192.92;192.78;3568;
e6123145-9665-43e0-8413-cd61b8aa9b13;2018-12-07T10:07:00Z;192.93;192.9;193.03;192.9;3080;
e6123145-9665-43e0-8413-cd61b8aa9b13;2018-12-07T10:08:00Z;192.88;193.02;193.04;192.88;7483;
e6123145-9665-43e0-8413-cd61b8aa9b13;2018-12-07T10:09:00Z;193.04;193.09;193.12;192.9;17565;
e6123145-9665-43e0-8413-cd61b8aa9b13;2018-12-07T10:10:00Z;193.02;193.01;193.08;193;2444;
e6123145-9665-43e0-8413-cd61b8aa9b13;2018-12-07T10:11:00Z;193;192.9;193.01;192.87;3958;
e6123145-9665-43e0-8413-cd61b8aa9b13;2018-12-07T10:12:00Z;192.9;192.9;192.96;192.87;2894;
e6123145-9665-43e0-8413-cd61b8aa9b13;2018-12-07T10:13:00Z;192.95;192.95;193.05;192.87;2908;
e6123145-9665-43e0-8413-cd61b8aa9b13;2018-12-07T10:14:00Z;192.98;192.99;193;192.9;958;
e6123145-9665-43e0-8413-cd61b8aa9b13;2018-12-07T10:15:00Z;192.95;193;193.01;192.92;1677;
e6123145-9665-43e0-8413-cd61b8aa9b13;2018-12-07T10:16:00Z;193.01;193.04;193.04;192.95;1790;
e6123145-9665-43e0-8413-cd61b8aa9b13;2018-12-07T10:17:00Z;193.03;193.05;193.07;193.03;936;
e6123145-9665-43e0-8413-cd61b8aa9b13;2018-12-07T10:18:00Z;193.06;193.18;193.19;193.06;2160;
e6123145-9665-43e0-8413-cd61b8aa9b13;2018-12-07T10:19:00Z;193.19;193.19;193.3;193.14;4170;
e6123145-9665-43e0-8413-cd61b8aa9b13;2018-12-07T10:20:00Z;193.12;193.01;193.19;192.93;3773;
e6123145-9665-43e0-8413-cd61b8aa9b13;2018-12-07T10:21:00Z;193;193.01;193.07;193;801;
e6123145-9665-43e0-8413-cd61b8aa9b13;2018-12-07T10:22:00Z;193.02;193.2;193.25;193.01;6276;
e6123145-9665-43e0-8413-cd61b8aa9b13;2018-12-07T10:23:00Z;193.17;193.26;193.34;193.15;2583;
e6123145-9665-43e0-8413-cd61b8aa9b13;2018-12-07T10:24:00Z;193.26;193.27;193.28;193.21;1424;
e6123145-9665-43e0-8413-cd61b8aa9b13;2018-12-07T10:25:00Z;193.26;193.36;193.37;193.25;3110;
e6123145-9665-43e0-8413-cd61b8aa9b13;2018-12-07T10:26:00Z;193.34;193.34;193.38;193.32;4591;
e6123145-9665-43e0-8413-cd61b8aa9b13;2018-12-07T10:27:00Z;193.33;193.29;193.34;193.2;2871;
e6123145-9665-43e0-8413-cd61b8aa9b13;2018-12-07T10:28:00Z;193.38;193.45;193.58;193.3;39981;
e6123145-9665-43e0-8413-cd61b8aa9b13;2018-12-07T10:29:00Z;193.45;193.37;193.59;193.37;5738;
e6123145-9665-43e0-8413-cd61b8aa9b13;2018-12-07T10:30:00Z;193.42;193.46;193.49;193.27;4927;
e6123145-9665-43e0-8413-cd61b8aa9b13;2018-12-07T10:31:00Z;193.42;193.35;193.42;193.27;4654;
e6123145-9665-43e0-8413-cd61b8aa9b13;2018-12-07T10:32:00Z;193.36;193.43;193.46;193.36;1197;
e6123145-9665-43e0-8413-cd61b8aa9b13;2018-12-07T10:33:00Z;193.37;193.33;193.39;193.3;886;
e6123145-9665-43e0-8413-cd61b8aa9b13;2018-12-07T10:34:00Z;193.32;193.03;193.35;193.02;7210;
e6123145-9665-43e0-8413-cd61b8aa9b13;2018-12-07T10:35:00Z;193.1;193.2;193.21;193.09;3426;
e6123145-9665-43e0-8413-cd61b8aa9b13;2018-12-07T10:36:00Z;193.18;193.18;193.26;193.15;1948;
e6123145-9665-43e0-8413-cd61b8aa9b13;2018-12-07T10:37:00Z;193.19;193.04;193.19;192.93;6412;
e6123145-9665-43e0-8413-cd61b8aa9b13;2018-12-07T10:38:00Z;193.04;193.17;193.18;193.04;2193;
e6123145-9665-43e0-8413-cd61b8aa9b13;2018-12-07T10:39:00Z;193.15;193.04;193.16;193.04;745;
e6123145-9665-43e0-8413-cd61b8aa9b13;2018-12-07T10:40:00Z;193.03;192.97;193.03;192.94;2058;
e6123145-9665-43e0-8413-cd61b8aa9b13;2018-12-07T10:41:00Z;192.99;193.02;193.03;192.93;2440;
e6123145-9665-43e0-8413-cd61b8aa9b13;2018-12-07T10:42:00Z;193.02;193.15;193.18;193.02;3078;
e6123145-9665-43e0-8413-cd61b8aa9b13;2018-12-07T10:43:00Z;193.11;193.2;193.34;193.11;3252;
e6123145-9665-43e0-8413-cd61b8aa9b13;2018-12-07T10:44:00Z;193.24;193.2;193.24;193.15;1166;
e6123145-9665-43e0-8413-cd61b8aa9b13;2018-12-07T10:45:00Z;193.2;193.09;193.2;193.06;12129;
e6123145-9665-43e0-8413-cd61b8aa9b13;2018-12-07T10:46:00Z;193.06;192.86;193.08;192.75;11188;
e6123145-9665-43e0-8413-cd61b8aa9b13;2018-12-07T10:47:00Z;192.88;192.67;192.89;192.6;19164;
e6123145-9665-43e0-8413-cd61b8aa9b13;2018-12-07T10:48:00Z;192.69;192.81;193.01;192.69;7527;
e6123145-9665-43e0-8413-cd61b8aa9b13;2018-12-07T10:49:00Z;192.9;192.91;192.96;192.87;1271;
e6123145-9665-43e0-8413-cd61b8aa9b13;2018-12-07T10:50:00Z;192.92;192.84;192.92;192.8;1186;
e6123145-9665-43e0-8413-cd61b8aa9b13;2018-12-07T10:51:00Z;192.82;192.81;192.89;192.81;1080;
e6123145-9665-43e0-8413-cd61b8aa9b13;2018-12-07T10:53:00Z;192.81;192.79;192.81;192.7;5363;
e6123145-9665-43e0-8413-cd61b8aa9b13;2018-12-07T10:54:00Z;192.77;192.86;192.86;192.77;728;
e6123145-9665-43e0-8413-cd61b8aa9b13;2018-12-07T10:55:00Z;192.87;192.9;192.9;192.86;493;
e6123145-9665-43e0-8413-cd61b8aa9b13;2018-12-07T10:56:00Z;192.87;192.9;192.9;192.83;180;
e6123145-9665-43e0-8413-cd61b8aa9b13;2018-12-07T10:57:00Z;192.89;192.89;192.9;192.82;1404;
e6123145-9665-43e0-8413-cd61b8aa9b13;2018-12-07T10:58:00Z;192.89;193;193.07;192.88;10709;
e6123145-9665-43e0-8413-cd61b8aa9b13;2018-12-07T10:59:00Z;193.01;193.07;193.07;192.99;921;
e6123145-9665-43e0-8413-cd61b8aa9b13;2018-12-07T11:00:00Z;193.05;193.05;193.07;192.98;652;
e6123145-9665-43e0-8413-cd61b8aa9b13;2018-12-07T11:01:00Z;193.05;192.99;193.05;192.93;493;
e6123145-9665-43e0-8413-cd61b8aa9b13;2018-12-07T11:02:00Z;192.99;192.97;193.01;192.93;1101;
e6123145-9665-43e0-8413-cd61b8aa9b13;2018-12-07T11:03:00Z;192.96;192.86;192.97;192.83;948;
e6123145-9665-43e0-8413-cd61b8aa9b13;2018-12-07T11:04:00Z;192.89;192.83;192.89;192.75;2451;
e6123145-9665-43e0-8413-cd61b8aa9b13;2018-12-07T11:05:00Z;192.83;192.74;192.83;192.62;12064;
e6123145-9665-43e0-8413-cd61b8aa9b13;2018-12-07T11:06:00Z;192.74;192.91;192.94;192.74;3739;
e6123145-9665-43e0-8413-cd61b8aa9b13;2018-12-07T11:07:00Z;192.86;192.74;192.88;192.63;5272;
e6123145-9665-43e0-8413-cd61b8aa9b13;2018-12-07T11:08:00Z;192.71;192.67;192.78;192.65;2755;
e6123145-9665-43e0-8413-cd61b8aa9b13;2018-12-07T11:09:00Z;192.71;192.65;192.71;192.6;22543;
e6123145-9665-43e0-8413-cd61b8aa9b13;2018-12-07T11:10:00Z;192.7;192.63;192.75;192.62;9634;
e6123145-9665-43e0-8413-cd61b8aa9b13;2018-12-07T11:11:00Z;192.64;192.68;192.69;192.61;828;
e6123145-9665-43e0-8413-cd61b8aa9b13;2018-12-07T11:12:00Z;192.67;192.71;192.74;192.6;7598;
e6123145-9665-43e0-8413-cd61b8aa9b13;2018-12-07T11:13:00Z;192.74;192.7;192.74;192.7;678;
e6123145-9665-43e0-8413-cd61b8aa9b13;2018-12-07T11:14:00Z;192.71;192.81;192.82;192.71;6482;
e6123145-9665-43e0-8413-cd61b8aa9b13;2018-12-07T11:15:00Z;192.79;192.75;192.87;192.75;1415;
e6123145-9665-43e0-8413-cd61b8aa9b13;2018-12-07T11:16:00Z;192.78;192.84;192.84;192.74;1003;
e6123145-9665-43e0-8413-cd61b8aa9b13;2018-12-07T11:17:00Z;192.84;192.83;192.91;192.81;1340;
e6123145-9665-43e0-8413-cd61b8aa9b13;2018-12-07T11:18:00Z;192.86;192.92;192.92;192.85;1671;
e6123145-9665-43e0-8413-cd61b8aa9b13;2018-12-07T11:19:00Z;192.92;192.82;192.94;192.82;1596;
e6123145-9665-43e0-8413-cd61b8aa9b13;2018-12-07T11:20:00Z;192.82;192.88;192.88;192.77;1354;
e6123145-9665-43e0-8413-cd61b8aa9b13;2018-12-07T11:21:00Z;192.87;192.87;192.88;192.8;346;
e6123145-9665-43e0-8413-cd61b8aa9b13;2018-12-07T11:22:00Z;192.87;192.92;192.98;192.83;1815;
e6123145-9665-43e0-8413-cd61b8aa9b13;2018-12-07T11:23:00Z;192.92;192.89;192.92;192.87;339;
e6123145-9665-43e0-8413-cd61b8aa9b13;2018-12-07T11:24:00Z;192.91;192.83;192.91;192.76;1032;
e6123145-9665-43e0-8413-cd61b8aa9b13;2018-12-07T11:25:00Z;192.84;192.84;192.84;192.82;16;
e6123145-9665-43e0-8413-cd61b8aa9b13;2018-12-07T11:26:00Z;192.82;192.8;192.83;192.7;3197;
e6123145-9665-43e0-8413-cd61b8aa9b13;2018-12-07T11:27:00Z;192.71;192.69;192.77;192.67;14836;
e6123145-9665-43e0-8413-cd61b8aa9b13;2018-12-07T11:28:00Z;192.68;192.77;192.77;192.65;17197;
e6123145-9665-43e0-8413-cd61b8aa9b13;2018-12-07T11:29:00Z;192.77;192.78;192.82;192.65;2703;
e6123145-9665-43e0-8413-cd61b8aa9b13;2018-12-07T11:30:00Z;192.75;192.81;192.87;192.75;6050;
e6123145-9665-43e0-8413-cd61b8aa9b13;2018-12-07T11:31:00Z;192.85;192.95;192.95;192.85;3144;
e6123145-9665-43e0-8413-cd61b8aa9b13;2018-12-07T11:32:00Z;192.9;192.87;192.91;192.85;3418;
e6123145-9665-43e0-8413-cd61b8aa9b13;2018-12-07T11:33:00Z;192.91;192.91;192.95;192.91;590;
e6123145-9665-43e0-8413-cd61b8aa9b13;2018-12-07T11:34:00Z;192.91;192.89;192.91;192.87;3129;
e6123145-9665-43e0-8413-cd61b8aa9b13;2018-12-07T11:35:00Z;192.88;192.87;192.9;192.87;7802;
e6123145-9665-43e0-8413-cd61b8aa9b13;2018-12-07T11:36:00Z;192.87;192.87;192.9;192.87;4396;
e6123145-9665-43e0-8413-cd61b8aa9b13;2018-12-07T11:37:00Z;192.9;192.95;192.96;192.9;2198;
e6123145-9665-43e0-8413-cd61b8aa9b13;2018-12-07T11:38:00Z;192.93;192.7;192.95;192.68;8669;
e6123145-9665-43e0-8413-cd61b8aa9b13;2018-12-07T11:39:00Z;192.69;192.7;192.76;192.68;864;
e6123145-9665-43e0-8413-cd61b8aa9b13;2018-12-07T11:40:00Z;192.7;192.68;192.73;192.53;20168;
e6123145-9665-43e0-8413-cd61b8aa9b13;2018-12-07T11:41:00Z;192.67;192.71;192.76;192.64;1672;
e6123145-9665-43e0-8413-cd61b8aa9b13;2018-12-07T11:42:00Z;192.7;192.58;192.71;192.55;9140;
e6123145-9665-43e0-8413-cd61b8aa9b13;2018-12-07T11:43:00Z;192.57;192.53;192.61;192.53;16174;
e6123145-9665-43e0-8413-cd61b8aa9b13;2018-12-07T11:44:00Z;192.54;192.51;192.6;192.51;28550;
e6123145-9665-43e0-8413-cd61b8aa9b13;2018-12-07T11:45:00Z;192.51;192.69;192.69;192.5;17569;
e6123145-9665-43e0-8413-cd61b8aa9b13;2018-12-07T11:46:00Z;192.58;192.65;192.69;192.58;953;
e6123145-9665-43e0-8413-cd61b8aa9b13;2018-12-07T11:47:00Z;192.66;192.67;192.7;192.65;1938;
e6123145-9665-43e0-8413-cd61b8aa9b13;2018-12-07T11:48:00Z;192.67;192.5;192.7;192.5;4430;
e6123145-9665-43e0-8413-cd61b8aa9b13;2018-12-07T11:49:00Z;192.5;192.41;192.52;192.33;11328;
e6123145-9665-43e0-8413-cd61b8aa9b13;2018-12-07T11:50:00Z;192.4;192.35;192.42;192.31;2713;
e6123145-9665-43e0-8413-cd61b8aa9b13;2018-12-07T11:51:00Z;192.35;192.4;192.42;192.31;3428;
e6123145-9665-43e0-8413-cd61b8aa9b13;2018-12-07T11:52:00Z;192.4;192.5;192.51;192.4;4175;
e6123145-9665-43e0-8413-cd61b8aa9b13;2018-12-07T11:53:00Z;192.46;192.57;192.57;192.42;12455;
e6123145-9665-43e0-8413-cd61b8aa9b13;2018-12-07T11:54:00Z;192.57;192.59;192.59;192.55;1276;
e6123145-9665-43e0-8413-cd61b8aa9b13;2018-12-07T11:55:00Z;192.59;192.49;192.59;192.45;17404;
e6123145-9665-43e0-8413-cd61b8aa9b13;2018-12-07T11:56:00Z;192.47;192.36;192.52;192.36;2762;
e6123145-9665-43e0-8413-cd61b8aa9b13;2018-12-07T11:57:00Z;192.37;192.4;192.4;192.3;5551;
e6123145-9665-43e0-8413-cd61b8aa9b13;2018-12-07T11:58:00Z;192.36;192.31;192.36;192.31;820;
e6123145-9665-43e0-8413-cd61b8aa9b13;2018-12-07T11:59:00Z;192.33;192.22;192.33;192.2;17860;
e6123145-9665-43e0-8413-cd61b8aa9b13;2018-12-07T12:00:00Z;192.26;192.35;192.35;192.2;4137;
e6123145-9665-43e0-8413-cd61b8aa9b13;2018-12-07T12:01:00Z;192.35;192.4;192.43;192.34;2326;
e6123145-9665-43e0-8413-cd61b8aa9b13;2018-12-07T12:02:00Z;192.4;192.37;192.4;192.31;3949;
e6123145-9665-43e0-8413-cd61b8aa9b13;2018-12-07T12:03:00Z;192.39;192.45;192.49;192.39;3653;
e6123145-9665-43e0-8413-cd61b8aa9b13;2018-12-07T12:04:00Z;192.44;192.59;192.62;192.44;4446;
e6123145-9665-43e0-8413-cd61b8aa9b13;2018-12-07T12:05:00Z;192.6;192.6;192.63;192.5;1736;
e6123145-9665-43e0-8413-cd61b8aa9b13;2018-12-07T12:06:00Z;192.6;192.41;192.6;192.41;2345;
e6123145-9665-43e0-8413-cd61b8aa9b13;2018-12-07T12:07:00Z;192.47;192.51;192.51;192.39;2065;
e6123145-9665-43e0-8413-cd61b8aa9b13;2018-12-07T12:08:00Z;192.57;192.58;192.6;192.51;1159;
e6123145-9665-43e0-8413-cd61b8aa9b13;2018-12-07T12:09:00Z;192.58;192.56;192.6;192.43;1657;
e6123145-9665-43e0-8413-cd61b8aa9b13;2018-12-07T12:10:00Z;192.5;192.65;192.72;192.46;5867;
e6123145-9665-43e0-8413-cd61b8aa9b13;2018-12-07T12:11:00Z;192.7;192.9;192.98;192.7;35685;
e6123145-9665-43e0-8413-cd61b8aa9b13;2018-12-07T12:12:00Z;192.91;193.02;193.12;192.9;18254;
e6123145-9665-43e0-8413-cd61b8aa9b13;2018-12-07T12:13:00Z;193.09;193.05;193.17;193;6072;
e6123145-9665-43e0-8413-cd61b8aa9b13;2018-12-07T12:14:00Z;193;193.1;193.13;193;12720;
e6123145-9665-43e0-8413-cd61b8aa9b13;2018-12-07T12:15:00Z;193.1;193.45;193.49;193.1;36281;
e6123145-9665-43e0-8413-cd61b8aa9b13;2018-12-07T12:16:00Z;193.45;193.62;193.63;193.45;27936;
e6123145-9665-43e0-8413-cd61b8aa9b13;2018-12-07T12:17:00Z;193.56;193.39;193.61;193.24;32492;
e6123145-9665-43e0-8413-cd61b8aa9b13;2018-12-07T12:18:00Z;193.3;193.43;193.44;193.3;5987;
e6123145-9665-43e0-8413-cd61b8aa9b13;2018-12-07T12:19:00Z;193.45;193.35;193.45;193.32;4277;
e6123145-9665-43e0-8413-cd61b8aa9b13;2018-12-07T12:20:00Z;193.41;193.1;193.47;193;22385;
e6123145-9665-43e0-8413-cd61b8aa9b13;2018-12-07T12:21:00Z;193.05;193.06;193.2;193;6377;
e6123145-9665-43e0-8413-cd61b8aa9b13;2018-12-07T12:22:00Z;193.01;193.1;193.1;192.91;17245;
e6123145-9665-43e0-8413-cd61b8aa9b13;2018-12-07T12:23:00Z;193.13;193.27;193.28;193.09;19701;
e6123145-9665-43e0-8413-cd61b8aa9b13;2018-12-07T12:24:00Z;193.27;193.03;193.32;193.03;16137;
e6123145-9665-43e0-8413-cd61b8aa9b13;2018-12-07T12:25:00Z;193.13;192.93;193.13;192.9;6157;
e6123145-9665-43e0-8413-cd61b8aa9b13;2018-12-07T12:26:00Z;192.96;192.87;193;192.85;9852;
e6123145-9665-43e0-8413-cd61b8aa9b13;2018-12-07T12:27:00Z;192.93;192.97;193.06;192.89;9085;
e6123145-9665-43e0-8413-cd61b8aa9b13;2018-12-07T12:28:00Z;192.96;193;193;192.9;272;
e6123145-9665-43e0-8413-cd61b8aa9b13;2018-12-07T12:29:00Z;193;193.05;193.05;192.98;9825;
e6123145-9665-43e0-8413-cd61b8aa9b13;2018-12-07T12:30:00Z;193.05;192.94;193.06;192.94;1988;
e6123145-9665-43e0-8413-cd61b8aa9b13;2018-12-07T12:31:00Z;192.92;192.91;192.99;192.9;343;
e6123145-9665-43e0-8413-cd61b8aa9b13;2018-12-07T12:32:00Z;192.91;192.95;192.96;192.86;3624;
e6123145-9665-43e0-8413-cd61b8aa9b13;2018-12-07T12:33:00Z;192.9;192.88;192.96;192.88;454;
e6123145-9665-43e0-8413-cd61b8aa9b13;2018-12-07T12:34:00Z;192.88;192.77;192.93;192.75;10896;
e6123145-9665-43e0-8413-cd61b8aa9b13;2018-12-07T12:35:00Z;192.79;192.55;192.79;192.3;29639;
e6123145-9665-43e0-8413-cd61b8aa9b13;2018-12-07T12:36:00Z;192.61;192.4;192.61;192.36;15373;
e6123145-9665-43e0-8413-cd61b8aa9b13;2018-12-07T12:37:00Z;192.44;192.48;192.5;192.4;9713;
e6123145-9665-43e0-8413-cd61b8aa9b13;2018-12-07T12:38:00Z;192.5;192.63;192.63;192.43;3695;
e6123145-9665-43e0-8413-cd61b8aa9b13;2018-12-07T12:39:00Z;192.56;192.45;192.6;192.41;5447;
e6123145-9665-43e0-8413-cd61b8aa9b13;2018-12-07T12:40:00Z;192.52;192.6;192.6;192.46;3457;
e6123145-9665-43e0-8413-cd61b8aa9b13;2018-12-07T12:41:00Z;192.61;192.69;192.69;192.6;691;
e6123145-9665-43e0-8413-cd61b8aa9b13;2018-12-07T12:42:00Z;192.64;192.63;192.66;192.6;2047;
e6123145-9665-43e0-8413-cd61b8aa9b13;2018-12-07T12:43:00Z;192.65;192.63;192.65;192.58;2197;
e6123145-9665-43e0-8413-cd61b8aa9b13;2018-12-07T12:44:00Z;192.68;192.6;192.69;192.48;2057;
e6123145-9665-43e0-8413-cd61b8aa9b13;2018-12-07T12:45:00Z;192.6;192.5;192.6;192.42;4250;
e6123145-9665-43e0-8413-cd61b8aa9b13;2018-12-07T12:46:00Z;192.5;192.5;192.52;192.42;2420;
e6123145-9665-43e0-8413-cd61b8aa9b13;2018-12-07T12:47:00Z;192.49;192.5;192.5;192.45;345;
e6123145-9665-43e0-8413-cd61b8aa9b13;2018-12-07T12:48:00Z;192.5;192.5;192.5;192.46;6448;
e6123145-9665-43e0-8413-cd61b8aa9b13;2018-12-07T12:49:00Z;192.54;192.57;192.59;192.48;1187;
e6123145-9665-43e0-8413-cd61b8aa9b13;2018-12-07T12:50:00Z;192.55;192.6;192.6;192.51;11048;
e6123145-9665-43e0-8413-cd61b8aa9b13;2018-12-07T12:51:00Z;192.6;192.58;192.65;192.57;6062;
e6123145-9665-43e0-8413-cd61b8aa9b13;2018-12-07T12:52:00Z;192.63;192.53;192.63;192.52;63;
e6123145-9665-43e0-8413-cd61b8aa9b13;2018-12-07T12:53:00Z;192.58;192.67;192.72;192.58;759;
e6123145-9665-43e0-8413-cd61b8aa9b13;2018-12-07T12:54:00Z;192.66;192.58;192.72;192.52;2495;
e6123145-9665-43e0-8413-cd61b8aa9b13;2018-12-07T12:55:00Z;192.57;192.51;192.59;192.51;321;
e6123145-9665-43e0-8413-cd61b8aa9b13;2018-12-07T12:56:00Z;192.59;192.57;192.6;192.52;373;
e6123145-9665-43e0-8413-cd61b8aa9b13;2018-12-07T12:57:00Z;192.65;192.72;192.72;192.61;654;
e6123145-9665-43e0-8413-cd61b8aa9b13;2018-12-07T12:58:00Z;192.72;192.65;192.72;192.64;95;
e6123145-9665-43e0-8413-cd61b8aa9b13;2018-12-07T12:59:00Z;192.65;192.55;192.66;192.55;3439;
e6123145-9665-43e0-8413-cd61b8aa9b13;2018-12-07T13:00:00Z;192.55;192.51;192.58;192.5;2838;
e6123145-9665-43e0-8413-cd61b8aa9b13;2018-12-07T13:01:00Z;192.53;192.68;192.7;192.5;6047;
e6123145-9665-43e0-8413-cd61b8aa9b13;2018-12-07T13:02:00Z;192.72;193.17;193.17;192.72;10942;
e6123145-9665-43e0-8413-cd61b8aa9b13;2018-12-07T13:03:00Z;193.17;193.01;193.25;192.95;24654;
e6123145-9665-43e0-8413-cd61b8aa9b13;2018-12-07T13:04:00Z;193.1;193.09;193.2;192.84;44755;
e6123145-9665-43e0-8413-cd61b8aa9b13;2018-12-07T13:05:00Z;193.11;193.08;193.25;193.03;38737;
e6123145-9665-43e0-8413-cd61b8aa9b13;2018-12-07T13:06:00Z;193.15;192.92;193.2;192.8;12995;
e6123145-9665-43e0-8413-cd61b8aa9b13;2018-12-07T13:07:00Z;192.91;193;193;192.86;15484;
e6123145-9665-43e0-8413-cd61b8aa9b13;2018-12-07T13:08:00Z;192.99;193;193.2;192.99;20877;
e6123145-9665-43e0-8413-cd61b8aa9b13;2018-12-07T13:09:00Z;193.05;192.86;193.05;192.86;4461;
e6123145-9665-43e0-8413-cd61b8aa9b13;2018-12-07T13:10:00Z;192.95;192.9;193;192.85;1864;
e6123145-9665-43e0-8413-cd61b8aa9b13;2018-12-07T13:11:00Z;192.82;192.86;192.86;192.78;5017;
e6123145-9665-43e0-8413-cd61b8aa9b13;2018-12-07T13:12:00Z;192.87;192.97;192.97;192.82;783;
e6123145-9665-43e0-8413-cd61b8aa9b13;2018-12-07T13:13:00Z;192.98;192.82;193;192.82;8841;
e6123145-9665-43e0-8413-cd61b8aa9b13;2018-12-07T13:14:00Z;192.98;193.15;193.19;192.98;2305;
e6123145-9665-43e0-8413-cd61b8aa9b13;2018-12-07T13:15:00Z;193.17;193.19;193.19;193.11;3244;
e6123145-9665-43e0-8413-cd61b8aa9b13;2018-12-07T13:16:00Z;193.18;193.2;193.21;193.13;2454;
e6123145-9665-43e0-8413-cd61b8aa9b13;2018-12-07T13:17:00Z;193.19;193.14;193.29;193.06;7821;
e6123145-9665-43e0-8413-cd61b8aa9b13;2018-12-07T13:18:00Z;193.15;193.22;193.24;193.12;901;
e6123145-9665-43e0-8413-cd61b8aa9b13;2018-12-07T13:19:00Z;193.23;193.39;193.4;193.06;18061;
e6123145-9665-43e0-8413-cd61b8aa9b13;2018-12-07T13:20:00Z;193.4;193.65;193.79;193.4;102581;
e6123145-9665-43e0-8413-cd61b8aa9b13;2018-12-07T13:21:00Z;193.65;193.57;193.7;193.53;5049;
e6123145-9665-43e0-8413-cd61b8aa9b13;2018-12-07T13:22:00Z;193.59;193.61;193.7;193.55;7918;
e6123145-9665-43e0-8413-cd61b8aa9b13;2018-12-07T13:23:00Z;193.6;193.65;193.67;193.36;38842;
e6123145-9665-43e0-8413-cd61b8aa9b13;2018-12-07T13:24:00Z;193.58;193.61;193.7;193.52;14286;
e6123145-9665-43e0-8413-cd61b8aa9b13;2018-12-07T13:25:00Z;193.61;193.63;193.7;193.6;2854;
e6123145-9665-43e0-8413-cd61b8aa9b13;2018-12-07T13:26:00Z;193.63;193.48;193.65;193.42;18697;
e6123145-9665-43e0-8413-cd61b8aa9b13;2018-12-07T13:27:00Z;193.56;193.5;193.58;193.35;7337;
e6123145-9665-43e0-8413-cd61b8aa9b13;2018-12-07T13:28:00Z;193.47;193.35;193.47;193.23;25847;
e6123145-9665-43e0-8413-cd61b8aa9b13;2018-12-07T13:29:00Z;193.34;193.4;193.4;193.3;4858;
e6123145-9665-43e0-8413-cd61b8aa9b13;2018-12-07T13:30:00Z;193.4;193.63;193.7;193.38;39057;
e6123145-9665-43e0-8413-cd61b8aa9b13;2018-12-07T13:31:00Z;193.64;193.58;193.7;193.57;3992;
e6123145-9665-43e0-8413-cd61b8aa9b13;2018-12-07T13:32:00Z;193.57;193.54;193.6;193.53;5299;
e6123145-9665-43e0-8413-cd61b8aa9b13;2018-12-07T13:33:00Z;193.59;193.55;193.61;193.54;10498;
e6123145-9665-43e0-8413-cd61b8aa9b13;2018-12-07T13:34:00Z;193.55;193.44;193.6;193.32;14016;
e6123145-9665-43e0-8413-cd61b8aa9b13;2018-12-07T13:35:00Z;193.41;193.35;193.48;193.17;8875;
e6123145-9665-43e0-8413-cd61b8aa9b13;2018-12-07T13:36:00Z;193.42;193.27;193.48;193.14;9504;
e6123145-9665-43e0-8413-cd61b8aa9b13;2018-12-07T13:37:00Z;193.3;193.23;193.3;193.21;3479;
e6123145-9665-43e0-8413-cd61b8aa9b13;2018-12-07T13:38:00Z;193.22;193.15;193.23;193.02;21214;
e6123145-9665-43e0-8413-cd61b8aa9b13;2018-12-07T13:39:00Z;193.2;193.28;193.36;193;23089;
e6123145-9665-43e0-8413-cd61b8aa9b13;2018-12-07T13:40:00Z;193.36;193.42;193.55;193.25;14003;
e6123145-9665-43e0-8413-cd61b8aa9b13;2018-12-07T13:41:00Z;193.47;193.72;193.9;193.37;98442;
e6123145-9665-43e0-8413-cd61b8aa9b13;2018-12-07T13:42:00Z;193.75;194.18;194.3;193.75;104403;
e6123145-9665-43e0-8413-cd61b8aa9b13;2018-12-07T13:43:00Z;194.17;194.15;194.3;194.04;27953;
e6123145-9665-43e0-8413-cd61b8aa9b13;2018-12-07T13:44:00Z;194.08;194.03;194.15;193.85;22812;
e6123145-9665-43e0-8413-cd61b8aa9b13;2018-12-07T13:45:00Z;194.07;194;194.1;193.9;11218;
e6123145-9665-43e0-8413-cd61b8aa9b13;2018-12-07T13:46:00Z;194;194;194.1;193.9;19477;
e6123145-9665-43e0-8413-cd61b8aa9b13;2018-12-07T13:47:00Z;194;193.9;194.06;193.85;3063;
e6123145-9665-43e0-8413-cd61b8aa9b13;2018-12-07T13:48:00Z;193.9;193.92;193.95;193.81;6625;
e6123145-9665-43e0-8413-cd61b8aa9b13;2018-12-07T13:49:00Z;193.96;194.03;194.1;193.85;18670;
e6123145-9665-43e0-8413-cd61b8aa9b13;2018-12-07T13:50:00Z;194.1;194.2;194.28;194.02;21315;
e6123145-9665-43e0-8413-cd61b8aa9b13;2018-12-07T13:51:00Z;194.21;194.2;194.25;194.2;14490;
e6123145-9665-43e0-8413-cd61b8aa9b13;2018-12-07T13:52:00Z;194.21;194.43;194.44;194.2;25472;
e6123145-9665-43e0-8413-cd61b8aa9b13;2018-12-07T13:53:00Z;194.35;194.5;194.5;194.35;22614;
e6123145-9665-43e0-8413-cd61b8aa9b13;2018-12-07T13:54:00Z;194.5;194.51;194.6;194.35;114937;
e6123145-9665-43e0-8413-cd61b8aa9b13;2018-12-07T13:55:00Z;194.51;194.76;194.95;194.51;78793;
e6123145-9665-43e0-8413-cd61b8aa9b13;2018-12-07T13:56:00Z;194.7;195.02;195.11;194.66;55865;
e6123145-9665-43e0-8413-cd61b8aa9b13;2018-12-07T13:57:00Z;195.02;195.5;195.5;195.02;77881;
e6123145-9665-43e0-8413-cd61b8aa9b13;2018-12-07T13:58:00Z;195.5;195;195.51;194.95;67935;
e6123145-9665-43e0-8413-cd61b8aa9b13;2018-12-07T13:59:00Z;195;195.18;195.28;194.93;23314;
e6123145-9665-43e0-8413-cd61b8aa9b13;2018-12-07T14:00:00Z;195.23;195.53;195.62;195.23;53135;
e6123145-9665-43e0-8413-cd61b8aa9b13;2018-12-07T14:01:00Z;195.54;195.04;195.62;195.04;54734;
e6123145-9665-43e0-8413-cd61b8aa9b13;2018-12-07T14:02:00Z;195.1;195.25;195.5;195.07;38855;
e6123145-9665-43e0-8413-cd61b8aa9b13;2018-12-07T14:03:00Z;195.26;195.34;195.5;195.25;14450;
e6123145-9665-43e0-8413-cd61b8aa9b13;2018-12-07T14:04:00Z;195.32;195.17;195.44;195.14;10919;
e6123145-9665-43e0-8413-cd61b8aa9b13;2018-12-07T14:05:00Z;195.17;195.16;195.3;195.1;10996;
e6123145-9665-43e0-8413-cd61b8aa9b13;2018-12-07T14:06:00Z;195.17;195.31;195.5;195.17;12828;
e6123145-9665-43e0-8413-cd61b8aa9b13;2018-12-07T14:07:00Z;195.33;195.35;195.43;195.18;18744;
e6123145-9665-43e0-8413-cd61b8aa9b13;2018-12-07T14:08:00Z;195.37;195.38;195.41;195.33;4211;
e6123145-9665-43e0-8413-cd61b8aa9b13;2018-12-07T14:09:00Z;195.37;195.42;195.5;195.36;37522;
e6123145-9665-43e0-8413-cd61b8aa9b13;2018-12-07T14:10:00Z;195.48;195.61;195.62;195.42;23019;
e6123145-9665-43e0-8413-cd61b8aa9b13;2018-12-07T14:11:00Z;195.55;195.43;195.7;195.4;31056;
e6123145-9665-43e0-8413-cd61b8aa9b13;2018-12-07T14:12:00Z;195.4;195.5;195.63;195.4;6697;
e6123145-9665-43e0-8413-cd61b8aa9b13;2018-12-07T14:13:00Z;195.5;195.9;195.9;195.5;66772;
e6123145-9665-43e0-8413-cd61b8aa9b13;2018-12-07T14:14:00Z;195.9;195.75;195.9;195.66;11773;
e6123145-9665-43e0-8413-cd61b8aa9b13;2018-12-07T14:15:00Z;195.8;195.86;195.99;195.71;55290;
e6123145-9665-43e0-8413-cd61b8aa9b13;2018-12-07T14:16:00Z;195.86;195.97;196.1;195.86;63689;
e6123145-9665-43e0-8413-cd61b8aa9b13;2018-12-07T14:17:00Z;195.97;195.93;196;195.82;19478;
e6123145-9665-43e0-8413-cd61b8aa9b13;2018-12-07T14:18:00Z;195.89;195.9;195.98;195.85;6559;
e6123145-9665-43e0-8413-cd61b8aa9b13;2018-12-07T14:19:00Z;195.86;195.88;195.95;195.78;17239;
e6123145-9665-43e0-8413-cd61b8aa9b13;2018-12-07T14:20:00Z;195.95;195.94;196.03;195.86;27148;
e6123145-9665-43e0-8413-cd61b8aa9b13;2018-12-07T14:21:00Z;195.89;195.91;196.3;195.82;36777;
e6123145-9665-43e0-8413-cd61b8aa9b13;2018-12-07T14:22:00Z;195.91;195.8;195.94;195.8;13974;
e6123145-9665-43e0-8413-cd61b8aa9b13;2018-12-07T14:23:00Z;195.8;195.54;195.88;195.51;43580;
e6123145-9665-43e0-8413-cd61b8aa9b13;2018-12-07T14:24:00Z;195.57;195.62;195.75;195.54;7096;
e6123145-9665-43e0-8413-cd61b8aa9b13;2018-12-07T14:25:00Z;195.66;195.78;195.8;195.61;14711;
e6123145-9665-43e0-8413-cd61b8aa9b13;2018-12-07T14:26:00Z;195.77;195.8;195.8;195.72;2558;
e6123145-9665-43e0-8413-cd61b8aa9b13;2018-12-07T14:27:00Z;195.8;196.1;196.15;195.77;24356;
e6123145-9665-43e0-8413-cd61b8aa9b13;2018-12-07T14:28:00Z;196.05;196;196.19;196;18684;
e6123145-9665-43e0-8413-cd61b8aa9b13;2018-12-07T14:29:00Z;196.05;196.17;196.21;196;20029;
e6123145-9665-43e0-8413-cd61b8aa9b13;2018-12-07T14:30:00Z;196.13;196.01;196.19;195.6;33005;
e6123145-9665-43e0-8413-cd61b8aa9b13;2018-12-07T14:31:00Z;196.01;195.99;196.24;195.87;29907;
e6123145-9665-43e0-8413-cd61b8aa9b13;2018-12-07T14:32:00Z;195.99;196.01;196.03;195.88;15908;
e6123145-9665-43e0-8413-cd61b8aa9b13;2018-12-07T14:33:00Z;196.1;196.02;196.1;195.92;11838;
e6123145-9665-43e0-8413-cd61b8aa9b13;2018-12-07T14:34:00Z;196.09;196.17;196.22;196;25089;
e6123145-9665-43e0-8413-cd61b8aa9b13;2018-12-07T14:35:00Z;196.2;196.04;196.25;196.03;16510;
e6123145-9665-43e0-8413-cd61b8aa9b13;2018-12-07T14:36:00Z;196.01;195.98;196.1;195.9;16857;
e6123145-9665-43e0-8413-cd61b8aa9b13;2018-12-07T14:37:00Z;195.95;195.88;196.08;195.88;7483;
e6123145-9665-43e0-8413-cd61b8aa9b13;2018-12-07T14:38:00Z;195.95;196.17;196.22;195.88;16545;
e6123145-9665-43e0-8413-cd61b8aa9b13;2018-12-07T14:39:00Z;196.14;196.11;196.3;196.01;49205;
e6123145-9665-43e0-8413-cd61b8aa9b13;2018-12-07T14:40:00Z;196.11;196.09;196.31;196.01;26326;
e6123145-9665-43e0-8413-cd61b8aa9b13;2018-12-07T14:41:00Z;196.08;195.99;196.22;195.91;23913;
e6123145-9665-43e0-8413-cd61b8aa9b13;2018-12-07T14:42:00Z;196;196.28;196.35;195.92;20876;
e6123145-9665-43e0-8413-cd61b8aa9b13;2018-12-07T14:43:00Z;196.28;196.19;196.35;196.15;17282;
e6123145-9665-43e0-8413-cd61b8aa9b13;2018-12-07T14:44:00Z;196.23;196.17;196.3;196.1;4700;
e6123145-9665-43e0-8413-cd61b8aa9b13;2018-12-07T14:45:00Z;196.2;196.24;196.35;196.1;13724;
e6123145-9665-43e0-8413-cd61b8aa9b13;2018-12-07T14:46:00Z;196.24;196.17;196.29;196.1;17629;
e6123145-9665-43e0-8413-cd61b8aa9b13;2018-12-07T14:47:00Z;196.14;195.95;196.17;195.94;14407;
e6123145-9665-43e0-8413-cd61b8aa9b13;2018-12-07T14:48:00Z;196.02;196.07;196.2;195.91;44714;
e6123145-9665-43e0-8413-cd61b8aa9b13;2018-12-07T14:49:00Z;196.15;196.06;196.2;196.06;11132;
e6123145-9665-43e0-8413-cd61b8aa9b13;2018-12-07T14:50:00Z;196.03;195.97;196.12;195.9;10415;
e6123145-9665-43e0-8413-cd61b8aa9b13;2018-12-07T14:51:00Z;195.97;196.19;196.2;195.93;6195;
e6123145-9665-43e0-8413-cd61b8aa9b13;2018-12-07T14:52:00Z;196.18;196.17;196.2;196.1;7104;
e6123145-9665-43e0-8413-cd61b8aa9b13;2018-12-07T14:53:00Z;196.18;196.1;196.21;196.06;9258;
e6123145-9665-43e0-8413-cd61b8aa9b13;2018-12-07T14:54:00Z;196.1;195.94;196.19;195.91;14356;
e6123145-9665-43e0-8413-cd61b8aa9b13;2018-12-07T14:55:00Z;195.98;195.95;196.1;195.92;12477;
e6123145-9665-43e0-8413-cd61b8aa9b13;2018-12-07T14:56:00Z;195.95;195.95;196.05;195.91;4035;
e6123145-9665-43e0-8413-cd61b8aa9b13;2018-12-07T14:57:00Z;196;195.83;196.06;195.75;24691;
e6123145-9665-43e0-8413-cd61b8aa9b13;2018-12-07T14:58:00Z;195.82;195.71;195.87;195.65;20437;
e6123145-9665-43e0-8413-cd61b8aa9b13;2018-12-07T14:59:00Z;195.74;195.64;195.74;195.53;17210;
e6123145-9665-43e0-8413-cd61b8aa9b13;2018-12-07T15:00:00Z;195.7;195.91;195.98;195.63;23830;
e6123145-9665-43e0-8413-cd61b8aa9b13;2018-12-07T15:01:00Z;195.96;195.99;195.99;195.71;8269;
e6123145-9665-43e0-8413-cd61b8aa9b13;2018-12-07T15:02:00Z;196;195.97;196;195.65;10166;
e6123145-9665-43e0-8413-cd61b8aa9b13;2018-12-07T15:03:00Z;195.98;195.84;196.01;195.61;11988;
e6123145-9665-43e0-8413-cd61b8aa9b13;2018-12-07T15:04:00Z;195.84;195.95;195.97;195.78;3823;
e6123145-9665-43e0-8413-cd61b8aa9b13;2018-12-07T15:05:00Z;195.95;195.87;195.95;195.75;2929;
e6123145-9665-43e0-8413-cd61b8aa9b13;2018-12-07T15:06:00Z;195.84;195.75;195.88;195.72;5586;
e6123145-9665-43e0-8413-cd61b8aa9b13;2018-12-07T15:07:00Z;195.74;195.93;196;195.66;24298;
e6123145-9665-43e0-8413-cd61b8aa9b13;2018-12-07T15:08:00Z;195.94;195.96;195.99;195.94;5917;
e6123145-9665-43e0-8413-cd61b8aa9b13;2018-12-07T15:09:00Z;195.96;195.82;195.96;195.81;1639;
e6123145-9665-43e0-8413-cd61b8aa9b13;2018-12-07T15:10:00Z;195.89;195.8;195.89;195.8;787;
e6123145-9665-43e0-8413-cd61b8aa9b13;2018-12-07T15:11:00Z;195.8;195.81;195.89;195.74;11815;
e6123145-9665-43e0-8413-cd61b8aa9b13;2018-12-07T15:12:00Z;195.79;195.89;195.89;195.77;7062;
e6123145-9665-43e0-8413-cd61b8aa9b13;2018-12-07T15:13:00Z;195.86;195.74;195.95;195.74;5009;
e6123145-9665-43e0-8413-cd61b8aa9b13;2018-12-07T15:14:00Z;195.74;195.65;195.75;195.65;24943;
e6123145-9665-43e0-8413-cd61b8aa9b13;2018-12-07T15:15:00Z;195.67;195.78;195.78;195.66;3845;
e6123145-9665-43e0-8413-cd61b8aa9b13;2018-12-07T15:16:00Z;195.8;195.51;195.83;195.51;20412;
e6123145-9665-43e0-8413-cd61b8aa9b13;2018-12-07T15:17:00Z;195.51;195.41;195.54;195.35;24649;
e6123145-9665-43e0-8413-cd61b8aa9b13;2018-12-07T15:18:00Z;195.4;195.42;195.48;195.35;14556;
e6123145-9665-43e0-8413-cd61b8aa9b13;2018-12-07T15:19:00Z;195.42;195.38;195.45;195.31;13733;
e6123145-9665-43e0-8413-cd61b8aa9b13;2018-12-07T15:20:00Z;195.38;195.45;195.53;195.37;8879;
e6123145-9665-43e0-8413-cd61b8aa9b13;2018-12-07T15:21:00Z;195.49;195.48;195.49;195.41;3876;
e6123145-9665-43e0-8413-cd61b8aa9b13;2018-12-07T15:22:00Z;195.45;195.41;195.46;195.36;12317;
e6123145-9665-43e0-8413-cd61b8aa9b13;2018-12-07T15:23:00Z;195.41;195.45;195.46;195.39;3468;
e6123145-9665-43e0-8413-cd61b8aa9b13;2018-12-07T15:24:00Z;195.45;195.49;195.49;195.36;5666;
e6123145-9665-43e0-8413-cd61b8aa9b13;2018-12-07T15:25:00Z;195.45;195.44;195.49;195.42;3171;
e6123145-9665-43e0-8413-cd61b8aa9b13;2018-12-07T15:26:00Z;195.43;195.49;195.49;195.4;7851;
e6123145-9665-43e0-8413-cd61b8aa9b13;2018-12-07T15:27:00Z;195.46;195.47;195.53;195.44;6894;
e6123145-9665-43e0-8413-cd61b8aa9b13;2018-12-07T15:28:00Z;195.47;195.38;195.49;195.37;13755;
e6123145-9665-43e0-8413-cd61b8aa9b13;2018-12-07T15:29:00Z;195.38;195.37;195.4;195.36;8487;
e6123145-9665-43e0-8413-cd61b8aa9b13;2018-12-07T15:30:00Z;195.37;195.4;195.4;195.36;9022;
e6123145-9665-43e0-8413-cd61b8aa9b13;2018-12-07T15:31:00Z;195.4;195.38;195.4;195.36;15644;
e6123145-9665-43e0-8413-cd61b8aa9b13;2018-12-07T15:32:00Z;195.4;195.37;195.4;195.31;20619;
e6123145-9665-43e0-8413-cd61b8aa9b13;2018-12-07T15:33:00Z;195.4;195.49;195.49;195.38;8564;
e6123145-9665-43e0-8413-cd61b8aa9b13;2018-12-07T15:34:00Z;195.49;195.45;195.49;195.32;9686;
e6123145-9665-43e0-8413-cd61b8aa9b13;2018-12-07T15:35:00Z;195.43;195.45;195.51;195.4;7964;
e6123145-9665-43e0-8413-cd61b8aa9b13;2018-12-07T15:36:00Z;195.5;195.5;195.55;195.41;15535;
e6123145-9665-43e0-8413-cd61b8aa9b13;2018-12-07T15:37:00Z;195.46;195.36;195.46;195.36;14727;
e6123145-9665-43e0-8413-cd61b8aa9b13;2018-12-07T15:38:00Z;195.4;195.37;195.4;195.27;45397;
e6123145-9665-43e0-8413-cd61b8aa9b13;2018-12-07T15:39:00Z;195.31;195.22;195.36;195.1;62316;
e6123145-9665-43e0-8413-cd61b8aa9b13;2018-12-07T15:45:00Z;195.01;195.01;195.01;195.01;123372;
e6123145-9665-43e0-8413-cd61b8aa9b13;2018-12-07T15:46:00Z;195.01;195.01;195.01;195.01;5453;
e6123145-9665-43e0-8413-cd61b8aa9b13;2018-12-07T15:47:00Z;195.01;195.01;195.01;195.01;35592;
e6123145-9665-43e0-8413-cd61b8aa9b13;2018-12-07T15:48:00Z;195.01;195.01;195.01;195.01;3009;
e6123145-9665-43e0-8413-cd61b8aa9b13;2018-12-07T15:49:00Z;195.01;195.01;195.01;195.01;2838;
